0
8759
17519
26279
35039
43799
52559
61319
70079
78839
87599
96359
105119
113879
122639
131399
140159
148919
157679
166439
175199
183959
192719
201479
210239
218999
227759
236519
245279
254039
262799
271559
280319
289079
297839
306599
315359
324119
332879
341639
350399
359159
367919
376679
385439
394199
402959
411719
420479
429239
437999
446759
455519
464279
473039
481799
490559
499319
508079
516839
525599
534359
543119
551879
560639
569399
578159
586919
595679
604439
613199
621959
630719
639479
