0
79
354
444
719
809
1084
1174
1449
1539
1814
1904
2179
2269
2544
2634
2909
2999
3274
3364
3639
3729
4004
4094
4369
4459
4734
4824
5099
5189
5464
5554
5829
5919
6194
6284
6559
6649
6924
7014
7289
7379
7654
7744
8019
8109
8384
8474
8749
8839
9114
9204
9479
9569
9844
9934
10209
10299
10574
10664
10939
11029
11304
11394
11669
11759
12034
12124
12399
12489
12764
12854
13129
13219
13494
13584
13859
13949
14224
14314
14589
14679
14954
15044
15319
15409
15684
15774
16049
16139
16414
16504
16779
16869
17144
17234
17509
17599
17874
17964
18239
18329
18604
18694
18969
19059
19334
19424
19699
19789
20064
20154
20429
20519
20794
20884
21159
21249
21524
21614
21889
21979
22254
22344
22619
22709
22984
23074
23349
23439
23714
23804
24079
24169
24444
24534
24809
24899
25174
25264
25539
25629
25904
25994
26269
26359
26634
26724
26999
27009
