6311
8495
15071
17255
23831
26015
32591
34775
41351
43535
50111
52295
58871
61055
67631
69815
76391
78575
85151
87335
93911
96095
102671
104855
111431
113615
120191
122375
128951
131135
137711
139895
146471
148655
155231
157415
163991
166175
172751
174935
181511
183695
190271
192455
199031
201215
207791
209975
216551
218735
225311
227495
234071
236255
242831
245015
251591
253775
260351
262535
269111
271295
277871
280055
286631
288815
295391
297575
304151
306335
312911
315095
321671
323855
330431
332615
339191
341375
347951
350135
356711
358895
365471
367655
374231
376415
382991
385175
391751
393935
400511
402695
409271
411455
418031
420215
426791
428975
435551
437735
444311
446495
453071
455255
461831
464015
470591
472775
479351
481535
488111
490295
496871
499055
505631
507815
514391
516575
523151
525335
531911
534095
540671
542855
549431
551615
558191
560375
566951
569135
575711
577895
584471
586655
593231
595415
601991
604175
610751
612935
619511
621695
628271
630455
637031
639215
645791
647975
