171
263
536
628
901
993
1266
1358
1631
1723
1996
2088
2361
2453
2726
2818
3091
3183
3456
3548
3821
3913
4186
4278
4551
4643
4916
5008
5281
5373
5646
5738
6011
6103
6376
6468
6741
6833
7106
7198
7471
7563
7836
7928
8201
8293
8566
8658
8931
9023
9296
9388
9661
9753
10026
10118
10391
10483
10756
10848
11121
11213
11486
11578
11851
11943
12216
12308
12581
12673
12946
13038
13311
13403
13676
13768
14041
14133
14406
14498
14771
14863
15136
15228
15501
15593
15866
15958
16231
16323
16596
16688
16961
17053
17326
17418
17691
17783
18056
18148
18421
18513
18786
18878
19151
19243
19516
19608
19881
19973
20246
20338
20611
20703
20976
21068
21341
21433
21706
21798
22071
22163
22436
22528
22801
22893
23166
23258
23531
23623
23896
23988
24261
24353
24626
24718
24991
25083
25356
25448
25721
25813
26086
26178
26451
26543
26816
26908
