1895
4103
10655
12863
19415
21623
28175
30383
36935
39143
45695
47903
54455
56663
63215
65423
71975
74183
80735
82943
89495
91703
98255
100463
107015
109223
115775
117983
124535
126743
133295
135503
142055
144263
150815
153023
159575
161783
168335
170543
177095
179303
185855
188063
194615
196823
203375
205583
212135
214343
220895
223103
229655
231863
238415
240623
247175
249383
255935
258143
264695
266903
273455
275663
282215
284423
290975
293183
299735
301943
308495
310703
317255
319463
326015
328223
334775
336983
343535
345743
352295
354503
361055
363263
369815
372023
378575
380783
387335
389543
396095
398303
404855
407063
413615
415823
422375
424583
431135
433343
439895
442103
448655
450863
457415
459623
466175
468383
474935
477143
483695
485903
492455
494663
501215
503423
509975
512183
518735
520943
527495
529703
536255
538463
545015
547223
553775
555983
562535
564743
571295
573503
580055
582263
588815
591023
597575
599783
606335
608543
615095
617303
623855
626063
632615
634823
641375
643583
