4103
6311
12863
15071
21623
23831
30383
32591
39143
41351
47903
50111
56663
58871
65423
67631
74183
76391
82943
85151
91703
93911
100463
102671
109223
111431
117983
120191
126743
128951
135503
137711
144263
146471
153023
155231
161783
163991
170543
172751
179303
181511
188063
190271
196823
199031
205583
207791
214343
216551
223103
225311
231863
234071
240623
242831
249383
251591
258143
260351
266903
269111
275663
277871
284423
286631
293183
295391
301943
304151
310703
312911
319463
321671
328223
330431
336983
339191
345743
347951
354503
356711
363263
365471
372023
374231
380783
382991
389543
391751
398303
400511
407063
409271
415823
418031
424583
426791
433343
435551
442103
444311
450863
453071
459623
461831
468383
470591
477143
479351
485903
488111
494663
496871
503423
505631
512183
514391
520943
523151
529703
531911
538463
540671
547223
549431
555983
558191
564743
566951
573503
575711
582263
584471
591023
593231
599783
601991
608543
610751
617303
619511
626063
628271
634823
637031
643583
645791
