79
171
444
536
809
901
1174
1266
1539
1631
1904
1996
2269
2361
2634
2726
2999
3091
3364
3456
3729
3821
4094
4186
4459
4551
4824
4916
5189
5281
5554
5646
5919
6011
6284
6376
6649
6741
7014
7106
7379
7471
7744
7836
8109
8201
8474
8566
8839
8931
9204
9296
9569
9661
9934
10026
10299
10391
10664
10756
11029
11121
11394
11486
11759
11851
12124
12216
12489
12581
12854
12946
13219
13311
13584
13676
13949
14041
14314
14406
14679
14771
15044
15136
15409
15501
15774
15866
16139
16231
16504
16596
16869
16961
17234
17326
17599
17691
17964
18056
18329
18421
18694
18786
19059
19151
19424
19516
19789
19881
20154
20246
20519
20611
20884
20976
21249
21341
21614
21706
21979
22071
22344
22436
22709
22801
23074
23166
23439
23531
23804
23896
24169
24261
24534
24626
24899
24991
25264
25356
25629
25721
25994
26086
26359
26451
26724
26816
