0
1895
8495
10655
17255
19415
26015
28175
34775
36935
43535
45695
52295
54455
61055
63215
69815
71975
78575
80735
87335
89495
96095
98255
104855
107015
113615
115775
122375
124535
131135
133295
139895
142055
148655
150815
157415
159575
166175
168335
174935
177095
183695
185855
192455
194615
201215
203375
209975
212135
218735
220895
227495
229655
236255
238415
245015
247175
253775
255935
262535
264695
271295
273455
280055
282215
288815
290975
297575
299735
306335
308495
315095
317255
323855
326015
332615
334775
341375
343535
350135
352295
358895
361055
367655
369815
376415
378575
385175
387335
393935
396095
402695
404855
411455
413615
420215
422375
428975
431135
437735
439895
446495
448655
455255
457415
464015
466175
472775
474935
481535
483695
490295
492455
499055
501215
507815
509975
516575
518735
525335
527495
534095
536255
542855
545015
551615
553775
560375
562535
569135
571295
577895
580055
586655
588815
595415
597575
604175
606335
612935
615095
621695
623855
630455
632615
639215
641375
647975
648238
