263
354
628
719
993
1084
1358
1449
1723
1814
2088
2179
2453
2544
2818
2909
3183
3274
3548
3639
3913
4004
4278
4369
4643
4734
5008
5099
5373
5464
5738
5829
6103
6194
6468
6559
6833
6924
7198
7289
7563
7654
7928
8019
8293
8384
8658
8749
9023
9114
9388
9479
9753
9844
10118
10209
10483
10574
10848
10939
11213
11304
11578
11669
11943
12034
12308
12399
12673
12764
13038
13129
13403
13494
13768
13859
14133
14224
14498
14589
14863
14954
15228
15319
15593
15684
15958
16049
16323
16414
16688
16779
17053
17144
17418
17509
17783
17874
18148
18239
18513
18604
18878
18969
19243
19334
19608
19699
19973
20064
20338
20429
20703
20794
21068
21159
21433
21524
21798
21889
22163
22254
22528
22619
22893
22984
23258
23349
23623
23714
23988
24079
24353
24444
24718
24809
25083
25174
25448
25539
25813
25904
26178
26269
26543
26634
26908
26999
