4038
1323
1832
771
579
2053
2066
4975
8706
7233
7235
4189
4190
4191
981
2060
2061
8370
6596
6597
6598
4207
1713
3710
6366
6367
10187
10188
2967
10191
4814
4815
8400
8401
4821
4822
6033
1586
3309
3310
14216
480
6078
6079
114
4856
2655
2656
8403
8404
8405
8406
8407
8589
8590
6073
1913
3129
806
3131
6626
9278
9279
9280
9281
9282
8571
9284
6303
6304
4155
6306
6307
10867
493
4581
483
103
10417
3721
3722
9886
6927
6928
3327
16035
16036
4566
8897
8898
8283
8284
7405
14561
14562
8162
9272
67
14195
9405
5220
3532
3533
5223
5224
8770
8771
3307
7330
7331
11942
480
42
4581
4582
9773
9774
7814
7815
7816
7817
7818
3879
6399
6400
3882
9457
9458
200
201
530
4176
3780
8376
5363
8366
2056
2057
563
228
229
4194
4195
4196
7242
150
582
4201
4202
583
145
6404
3094
5857
5858
3694
8386
3872
8693
3875
8696
8697
8698
8699
8700
8701
8702
8703
8704
8705
7941
7942
7943
7944
5615
9083
9084
4357
4358
3228
3229
2809
8712
8713
7311
2802
2790
1342
1343
1344
5330
1662
5333
5351
5352
5353
5354
4198
5358
5359
128
129
4176
4177
4178
4179
4180
4181
586
6336
588
589
3691
3692
3693
3694
4380
1715
9119
9120
9417
8698
8699
2307
3429
3430
1239
8368
139
4194
8370
5691
774
5693
5694
4309
9095
875
10159
873
874
878
9102
12759
5516
6413
6424
6425
6880
5519
5520
4899
4900
4901
3762
3763
7936
3893
4909
2242
8367
2690
1334
1335
1336
1337
1961
2418
346
5844
5845
4992
2714
2715
10590
4332
1732
11998
11999
12000
5827
5827
5828
1013
1014
1015
306
307
308
309
310
7281
5773
7606
2916
2917
2453
12023
2922
333
728
2925
2926
3670
1380
1815
286
287
288
289
7275
2725
2726
2727
2210
7995
1742
1743
2187
2188
2189
2190
1391
6185
6171
6172
6173
6174
7625
2564
7627
2581
2582
5822
5822
5823
5825
6196
6197
2214
2587
1094
1095
4944
623
4952
7253
269
2421
1294
1295
1296
6583
6584
6585
6586
1952
6223
6224
6225
2260
2261
2265
2266
2267
12758
7322
1140
1141
1142
12763
3108
3513
9864
9865
10212
10213
9868
7430
14201
3315
1160
6045
6046
13843
13844
5869
5870
5871
8596
8597
8598
10129
10130
8630
10121
8203
8204
8787
8789
8790
5957
8416
6637
5960
8618
11813
11814
11815
3389
3370
10066
10067
10068
10069
7757
9333
9334
14260
7102
1499
10248
9704
9705
9003
9004
9688
9689
9690
11481
7179
7180
7181
7182
7183
7184
7185
7186
3344
13054
450
451
452
7120
12611
6651
12313
8953
15622
8146
440
7775
9149
9150
9151
5913
11510
434
15979
8445
8446
12304
12307
10088
9971
9741
9973
10832
10113
9251
9651
12321
9653
10023
4151
3173
3174
4154
3046
3047
41
7805
5222
5223
5224
8769
2972
6245
4776
14211
376
9874
9875
4278
3418
10139
10140
2286
2287
1466
1467
7697
8762
8763
8393
8394
8395
7210
8660
9050
9051
9052
9053
9054
9056
9057
9058
9059
9060
9061
9062
3701
3702
3703
121
7935
3764
3765
2296
4888
4889
4889
4889
3767
3768
3769
3770
3771
3772
3773
1634
1635
1636
3894
6334
893
210
5338
5341
5495
7
5366
5367
7562
7563
2072
2073
2074
3790
3791
3792
2696
4373
4374
8369
2245
8371
8372
3446
3447
8376
8365
5365
908
4913
4914
1949
9088
9089
2051
5353
4198
4199
4201
4181
4182
208
209
210
3690
3691
232
233
5602
1254
1255
1256
4314
1258
1259
3207
11968
11969
2785
7302
7304
2786
2762
7298
6206
3235
3236
3237
3238
3239
3240
3241
3242
3243
5486
3245
5286
5287
5288
5289
5290
5277
10914
7984
1008
7959
7960
10519
2735
1402
1403
1747
1748
1749
6501
4004
4005
2560
1791
3986
3987
3988
6510
3990
2011
2575
2575
646
647
5787
5413
5414
4684
4685
5026
5027
5028
3944
3976
3977
3979
3952
1066
1067
1780
1781
3968
3970
1048
2869
2869
2870
2872
2874
1072
1073
1073
3956
3957
5035
1059
1059
1060
1061
1062
1063
1064
2551
2552
2553
3558
3558
5097
1036
6525
5101
5101
6539
6540
6541
6542
6543
5436
7616
7617
7616
4669
4670
4671
3931
3989
3990
5392
5787
7613
7614
7615
711
1411
5107
6176
6177
6193
2924
301
2022
2023
1380
1014
1015
1383
1384
5766
5767
5768
12012
3666
3667
2730
2731
2732
2733
8005
2438
2439
2440
2345
5664
5665
4351
4352
4353
4354
4355
5626
178
179
3229
3230
2800
2801
7312
7313
7314
7315
1832
3
5690
5691
5692
5693
6599
6600
6601
6382
245
6414
6415
8342
8343
8328
4295
9471
9472
8331
6423
6425
6426
3299
3107
1143
1144
7328
828
3516
3517
831
10377
15280
4087
4088
58
1916
5552
12335
864
865
866
867
9410
9053
4540
6609
6610
1849
1850
1851
7539
8662
46
47
6899
3514
798
1475
3517
801
8061
12577
6266
6267
6268
6269
6270
6271
6272
6273
10222
3132
9278
3134
3135
3136
8567
8568
3138
3139
9271
9272
16025
16026
16027
860
16028
856
857
7798
7799
10412
810
811
812
813
5242
5243
5244
5577
8046
9099
9100
5708
5709
5715
5716
4878
4879
9467
9468
8346
8347
8348
8349
9431
9432
9433
6333
6334
6335
545
3687
3688
3689
3690
5127
5128
3861
9460
9441
6226
935
936
5255
1638
573
8707
5613
5614
174
11672
11673
9843
1710
7318
7319
4309
4310
4311
4312
4313
7830
7831
7832
2692
2693
2599
7836
4980
3435
4982
903
6228
5254
5255
9794
9795
4316
4317
4318
6472
7569
7569
2811
3209
1963
4966
4967
4968
4969
188
189
1345
1346
2415
1348
3905
3906
7565
7566
8730
8731
8732
8733
8734
8734
9820
8735
8736
8737
8738
8739
8740
6217
5330
5331
1125
13
14
2595
1334
5612
3903
3904
2417
2418
4923
1963
1964
8718
8719
2428
5306
3237
5670
5671
5281
5003
5283
1287
1288
4963
2429
3808
628
629
3273
2333
5313
7962
283
284
285
286
1817
1403
1404
5378
5378
5388
5389
4000
4001
4002
3935
7637
7638
7639
7640
7641
4713
5097
5098
698
2860
2856
2857
2858
2859
2860
2863
2864
2865
2866
2867
2868
2869
2870
2883
2884
1070
1070
3972
3973
3943
662
686
687
688
689
690
691
5087
5088
5089
5090
5091
1054
678
679
680
1777
1778
4690
3982
1761
1762
1763
2910
7627
7628
7601
5805
5806
5807
2208
7284
1811
2585
2586
2587
2216
342
4354
5755
3265
4323
3252
3253
3830
7566
3834
3836
2075
4040
11675
4973
4975
551
1313
1314
1315
6103
6104
6105
6106
757
758
5329
3225
1661
978
5332
2948
5352
773
2951
5692
3868
2955
2956
5141
5142
10152
9069
9070
9071
367
9105
9106
795
796
5864
2282
10735
10736
10737
10738
13131
4258
3124
4779
4273
4274
7333
6043
6858
381
6045
7345
7346
3321
3322
12591
12592
16031
16032
1480
1481
1482
1483
1484
5949
5203
10021
10022
15635
15636
12221
9659
3326
4403
4404
6639
6640
6641
10004
8925
12683
8928
7712
15643
8914
8190
8191
3166
15659
15659
8199
9039
6917
6290
7918
1578
7920
7921
814
815
4541
4542
4053
7874
12427
39
4162
10396
4518
1927
4257
2974
2975
6903
6904
6905
6075
4851
4164
10139
9408
4536
3539
3540
1672
1673
1674
3430
2243
2244
2245
2246
2247
918
919
2083
2084
9433
528
2297
3866
2259
6226
6227
595
596
597
598
5732
4989
4990
4991
4329
4330
4331
2750
10518
5660
8003
8002
8002
1269
7962
7963
7963
1279
1280
1275
1276
1277
1278
4939
2042
2043
4739
5637
2758
2759
6204
2821
7982
2765
348
349
350
351
2047
758
5626
5627
5628
5629
1316
1317
5502
1320
5850
5851
3682
2593
3793
3794
5498
1113
1114
2419
2420
3211
350
5487
5488
353
1
3838
3839
3840
4372
4373
4373
2058
2059
2059
2697
262
263
264
265
1961
764
5622
5623
187
188
189
955
956
957
958
959
960
3907
4950
4645
4646
1370
1371
1372
2095
2096
1376
338
2586
2587
2588
1095
1096
11982
5759
6112
6113
6114
6479
2095
4017
4018
11636
3668
3669
3670
3671
3672
3673
2352
736
5766
5767
5768
1981
1746
6183
322
323
10557
10558
6190
6191
4729
4730
4731
1426
317
634
1018
1019
321
322
4665
4666
4667
4668
723
724
5108
5462
5463
5384
2005
296
2455
2455
6571
6572
6573
2381
2382
744
2731
2345
2754
5315
5316
7290
7291
5006
5007
5008
1008
5764
7960
12036
12037
5117
3679
3680
3681
3682
3683
5124
3841
4371
5342
4373
4374
3433
1242
4378
5151
5152
3696
25
26
2613
2614
2615
2616
2618
2619
2620
2621
2622
3304
3305
3306
8772
829
10429
10430
389
10054
1170
1171
1172
1173
1174
5949
4504
4505
4506
4556
14563
10006
9510
9511
1481
10010
10244
9902
7120
420
10248
10249
6790
6791
6792
6791
10251
11471
11549
12619
11341
11342
11343
15710
9607
11055
11056
9191
12274
12275
9731
11319
14611
8449
8450
3355
7168
8991
4456
4458
4459
4460
4461
4462
14963
14964
9601
9602
9539
9540
9206
9207
12663
14881
14882
9620
8870
8871
9240
8135
9174
9714
9715
9716
9717
9595
9596
9597
15871
15872
14406
14407
9523
14910
14911
14912
14913
14914
6667
6671
6672
6673
3392
15631
15632
3740
3741
7918
7919
7920
12075
13819
8761
9480
9481
7329
37
109
3310
10479
10480
10481
6310
7204
7205
8582
8583
8584
8585
7529
14223
4532
4522
4523
5979
3069
4856
4857
4857
4585
2635
6241
9310
9311
9312
1612
8755
10192
8757
3072
9775
9776
3078
3079
3080
7219
8324
8325
7222
7223
7224
9786
10154
7448
540
541
542
543
907
7246
5367
5368
9082
6345
3455
969
967
968
969
1645
1646
9821
968
967
968
9820
9821
9822
9823
9085
9809
5331
1125
929
12735
1456
1457
1458
1459
10943
3876
1234
1235
1236
1237
11961
5149
3692
7319
919
920
4312
7558
7559
7831
7832
7833
7834
930
1710
1711
1712
3887
2957
6382
6383
6384
7825
7826
7827
7828
7829
7830
4911
5611
2700
4914
1948
6353
6354
916
917
8746
8747
4209
3872
3873
12743
4630
4631
4632
4633
3544
5732
1260
3798
3799
3800
10514
2445
2446
4332
4333
1978
5767
5768
5769
1808
1809
7993
7994
5824
316
317
318
319
320
321
5021
638
6501
5427
3937
3939
3940
3941
3942
5028
1074
1075
1077
3656
2160
2161
2162
6509
5424
10544
2462
3552
3553
3554
5029
682
3957
3956
3955
1074
1075
3966
670
670
5095
4713
4714
4715
4716
4717
6537
5431
5419
643
3986
6553
6554
6555
3995
3996
5801
5802
5820
5821
5822
5823
3664
6139
6140
5769
1737
1738
1089
1090
2022
4732
4013
305
1016
1017
5012
2356
2739
2740
2741
2742
2585
5476
7289
8013
3825
5488
5489
5490
2
3
1952
3445
8373
7677
130
530
531
8355
7679
4046
4619
2277
6236
5582
5583
819
3110
8765
4863
4864
3071
8662
9860
1466
3718
1469
1470
4859
4860
8669
9300
9301
4283
4285
3189
3190
3191
3192
5597
5598
5599
5151
10612
10614
10615
1214
1215
809
810
1207
5594
5595
870
9115
11698
11699
5153
4772
5584
5585
3514
9316
9317
830
4056
10383
10030
10031
9282
9283
3031
3174
7411
7412
7413
7414
4783
3042
3043
56
5547
3130
7416
7417
5214
5215
5216
7800
7801
5219
8304
10397
8576
8577
8578
12343
11274
10484
10485
4167
4168
4169
7508
7509
4609
4610
4611
11694
5728
5729
1683
7560
3451
575
4915
576
9088
9089
1834
1835
3201
3202
571
572
9795
9796
1337
3207
3208
990
3258
992
5301
994
2822
2823
7581
7582
7256
2038
5656
10590
1383
1384
1733
1734
7588
7589
7590
7591
7592
7593
1995
6565
2000
2001
2002
6559
6560
6561
6562
1986
6564
1987
3998
1987
1988
1989
1990
6569
7630
5384
5385
5782
5783
7611
7612
649
3992
1412
5108
7650
2912
2913
2379
2209
2728
2729
730
731
11640
4025
10583
10584
10585
5744
5745
5746
5747
5748
5749
4999
11649
4746
4747
4748
4749
4750
1283
1284
4351
4352
756
1297
1831
8742
578
579
580
2065
4182
4183
4184
137
1330
1331
15
16
2949
2950
5354
2053
7245
7246
5366
9796
7249
554
8738
8739
557
558
11674
3478
3479
2952
2953
7853
7854
8360
1247
9433
9434
5363
5364
4986
4987
2328
2329
1371
1372
1373
4017
4018
4019
317
1745
636
3550
3551
2463
2464
2465
3648
2474
2142
2143
2500
2501
2506
2507
3591
2129
2128
2121
2122
2123
2124
2119
2120
2121
2128
2123
2124
2125
2125
2125
2125
2129
2130
2511
2512
2513
2514
3619
2151
2152
2536
2538
2110
2500
2501
2502
2503
2543
2516
2139
2140
2140
2546
3637
3638
3639
3654
3655
3656
1762
1763
1764
2564
5405
4000
4001
4002
5426
5427
4005
4006
4726
4727
2911
2912
1415
5384
5813
5814
10530
2921
2922
2923
6194
335
317
318
319
320
321
3926
5784
3928
6163
6555
6556
7599
5803
5804
1085
1086
5807
5808
5775
5774
5775
2204
7283
2727
314
6575
5114
12001
339
340
1094
2589
7671
8035
8036
8037
8038
8039
8040
4896
6605
8336
8337
8338
8339
6093
6094
12719
4611
6385
6386
6387
3086
7228
7229
7230
3440
1239
1240
565
1242
4377
7838
7839
3292
7865
9074
9075
9076
526
527
528
1251
1252
360
7469
7470
7471
7472
7473
5512
9423
10162
5141
5142
5143
4299
4300
3707
7490
1844
1845
4771
4772
5862
1145
3110
5228
4534
4535
497
498
10143
9063
9064
3877
3878
3879
526
4301
528
3767
3768
4046
4047
4048
3098
7493
8042
5726
11958
11959
3543
4634
4635
3206
1338
1339
9833
8727
5838
3217
3218
5622
5623
5624
1343
2945
2946
1346
2415
1301
3796
3797
1370
3272
3273
1010
1279
734
6125
7967
4334
4335
4336
2438
6120
6121
7971
7972
752
7664
7665
2027
10589
10590
1383
1384
7587
7588
7589
7590
7591
7592
1994
1995
6563
1996
1997
2569
2570
2571
2572
6161
6162
3992
3993
2578
2579
2580
7600
7601
7602
2018
2019
2728
2729
5114
4021
2345
2346
2347
2444
4735
5744
5745
4751
5747
5748
4754
5283
5284
5285
3246
3247
3248
3466
965
966
9822
9823
9824
9825
9825
2703
9810
9811
4916
956
957
5273
987
988
7571
7572
348
2767
5297
5298
5299
5300
8720
5305
5306
5307
5308
11625
5310
5658
5659
5660
8006
8007
8008
750
751
5829
2387
2388
1729
1730
1383
287
1817
1818
7590
7591
12022
296
1419
1420
2004
7631
7632
6499
5022
1768
1769
1770
661
3945
1061
1062
5077
5078
5079
5039
2497
2498
2529
2531
2520
2521
2546
2547
2524
5048
2494
5057
5058
5059
5061
5062
5062
5062
5083
5047
5048
5060
5061
5063
5041
2528
2529
2144
2145
2146
2147
3601
3613
3613
3614
3614
3614
3614
3615
3615
3616
3617
3618
2150
2151
2535
2536
2544
2545
2546
2547
3622
3623
3623
3624
3625
2475
2476
2476
2542
2543
2537
2538
2519
2534
2535
2536
2537
2538
2532
2533
2520
2521
2522
2523
5074
3652
3653
692
693
694
3558
4692
4693
1787
4695
3575
5400
643
644
328
6554
6555
6556
6557
6558
2365
2366
2367
5784
6161
6162
650
2371
2372
6164
2374
2375
5820
5821
5111
2742
1091
1092
340
1094
2217
2218
1831
2324
2324
3852
3852
4188
4189
3855
193
7835
8371
357
20
21
4208
4620
3872
4622
13104
2963
2964
5993
5994
1463
1464
1465
5998
1466
3716
1468
1469
1470
8667
4860
4861
4862
4863
3070
8662
8663
8664
8665
8666
2967
1610
10191
3536
3537
3538
5984
6321
1625
11949
5988
10170
7520
7521
7521
2964
2965
13107
4812
4813
4814
5233
5234
5235
5236
6435
6436
9303
8396
8397
9050
8674
4289
8676
8677
8678
8679
10755
6881
6427
6018
6019
4213
10174
10175
6090
6091
8324
8325
3761
4613
3427
3428
3429
3430
5256
5257
3848
927
928
3856
5334
5335
1333
6340
5611
5612
4914
911
10905
3227
3228
3229
4921
2418
268
269
270
5671
5643
5655
10588
5656
5311
5658
12034
2353
7587
7588
6131
290
311
312
2209
2381
5113
5114
744
745
746
10521
1979
7588
7589
2724
5014
1821
1822
1090
1091
7287
7663
2443
2027
10589
5311
1266
5312
5313
5314
2346
5665
5666
7976
2934
2935
2936
7304
607
8017
8018
610
5293
4956
4957
5650
5651
5652
5653
5672
5673
5647
5004
1001
3244
620
621
8030
8031
7310
184
603
606
606
2939
2941
186
2804
5328
5329
955
956
957
2416
5274
763
764
765
185
2790
2791
1120
759
3251
180
181
3231
3232
3233
3257
8717
8718
5303
5301
2426
5303
5304
5305
1968
1969
1970
7582
7583
7584
7585
6117
10522
6483
6483
4340
4341
4340
2833
1806
10525
6142
1982
10528
6145
7610
2009
4001
1026
6514
6515
6517
6518
6520
6521
6522
6523
1037
1038
1039
1040
1041
1042
1038
1039
1043
1044
1045
1046
1047
1048
675
676
676
2881
2880
2881
2881
2873
2874
2875
2873
2873
2874
2873
2873
5092
3966
3557
3558
4715
4716
1036
2863
4708
3939
2866
2867
1049
5094
5094
5095
5096
5097
2865
4713
1032
7642
7643
7644
7646
4726
4727
7649
2016
2017
5806
5777
5779
5780
5813
1984
1418
2181
298
299
728
301
302
3670
3671
2388
4752
8025
3823
5833
6202
6203
2760
7304
2786
7305
7306
4761
4762
1342
3836
3837
4366
4367
4368
2062
2063
231
2079
2080
3868
3869
5140
6014
6015
8052
5528
13103
2609
2610
2611
2650
3303
2634
1610
13127
9298
486
486
5587
1222
1223
5542
5543
12779
3324
8607
7912
8609
7352
13159
13160
5890
5891
14598
8986
9532
14519
4476
4477
14897
7083
7085
11068
12137
12137
12138
12139
8875
8876
8877
9524
4427
4428
4114
10342
14257
14258
14537
8549
7779
7780
8552
7782
9379
9380
4123
5941
4078
6715
6716
6717
396
7725
8161
3171
3172
1904
3174
6725
6726
7425
4248
4157
10447
15289
6050
6051
1911
1912
4243
4244
4245
479
10452
6043
3410
7342
3062
3412
3413
383
3414
7338
6616
6617
14203
6859
6860
3052
5974
4521
4522
9292
6313
6314
2628
7213
8758
1465
5998
5999
3506
3507
6003
1623
1624
6322
6323
7444
253
4171
2254
6399
6400
6401
6402
6403
5357
4204
4205
3885
4207
6600
2302
6016
9475
8320
8336
8337
12374
12375
10206
3119
371
12068
1850
1851
5239
5240
4596
4597
4598
7519
6608
6609
6610
6611
6612
6613
4259
4260
4261
6904
56
6058
1915
59
60
61
845
846
847
8567
850
851
8637
8638
8563
9394
8781
10127
10128
10129
15646
7719
4129
4130
3733
3734
3735
6706
6763
8896
5939
8535
8536
8537
15657
15658
3167
3168
1198
3164
3165
8650
8651
10390
3030
7409
1905
4396
4397
4398
13137
6262
5160
5216
5168
5169
5170
9492
9493
9494
7536
1868
1869
1870
1871
1872
3543
1945
1685
1686
1687
1952
1953
1954
1955
6463
938
939
4636
1961
1962
4924
3258
3259
8722
6210
6211
6212
5837
7308
2318
2319
3463
1341
4763
4356
9808
9825
9826
9827
9828
180
181
2810
2811
3256
4925
4926
611
5641
5642
11662
11663
616
617
618
619
620
2399
2400
2401
3466
4322
3266
1100
3458
7251
2811
3233
3209
3210
3211
3212
4967
951
3247
1097
1098
4323
5618
4325
4326
5761
5762
7958
1009
3812
3677
3679
3680
3681
5852
5508
3201
3202
3782
4315
1946
1947
1708
915
4767
4768
8746
2250
6393
5720
9472
9473
9474
7691
7692
8389
13105
2965
8666
1471
1472
6033
107
7330
7331
1155
4274
7884
1590
379
7340
7341
6619
6862
6863
13844
1164
6261
388
389
10054
1183
7352
4065
4066
8227
8228
9366
9367
9369
10333
6786
6787
6801
7106
7107
7108
7109
7110
9629
8887
8888
8889
6944
14925
15342
15343
15344
8086
8801
1525
1526
8139
8140
8141
8142
8143
8144
12675
5932
8533
8153
9983
16039
16040
410
16042
10059
6675
6676
6678
6679
8973
8974
7748
15338
7750
8277
8278
8279
10063
10064
6668
6670
6671
6672
6673
6670
4566
6843
6844
7394
6769
7396
8904
8921
11880
6848
9255
7407
9042
8654
8655
8656
6857
3050
3051
6861
3054
13828
13829
13830
13831
494
495
4595
5241
4597
6875
4869
3760
2684
2685
2686
2687
2688
2243
6594
1454
6596
932
933
4983
905
906
2242
1239
1240
2245
8371
1835
568
569
570
572
9794
5367
5368
6344
6345
1644
970
971
5618
5619
5620
5621
5622
185
4762
3248
3249
3913
3914
971
972
6470
6471
1651
6347
4364
914
11674
2077
9090
2079
2080
234
7854
537
9446
3773
5135
3775
7858
7859
7472
7861
7862
3870
3871
3872
8388
7693
7694
3714
6000
3505
6000
6000
6000
3076
3077
7544
4385
4386
501
6432
372
7700
1474
799
800
801
14236
10230
10231
10232
6754
5874
10387
4097
4801
4802
4803
4804
4805
101
102
5570
9049
2637
2638
2639
1233
1234
1235
1236
4633
1722
1723
2092
2093
5375
5376
2102
2462
1769
1770
4687
4688
4689
2886
2887
2555
7644
7645
5103
5434
5435
5447
5448
5449
5452
3581
3581
5455
5456
3570
2559
2559
4696
5399
4697
5451
5452
3569
3570
3571
657
658
2105
2105
2106
2113
2114
2116
2117
2118
2121
2124
2133
2134
2135
3609
3610
3611
3611
3611
3607
3608
3603
3604
3605
3606
3607
3603
3603
3603
3604
3605
2513
2514
2515
2138
2139
2523
3631
2526
2527
2528
2529
5070
5071
2521
2522
3622
3623
5068
5069
5070
5072
3651
2155
2550
5087
5088
5089
678
1056
685
686
2472
5081
5082
5083
5084
2549
2550
693
2158
1761
1762
1080
2174
6177
5110
5822
7653
7654
6136
7658
742
7661
1378
2927
1380
1381
1382
10517
5313
5314
5315
5117
1443
1444
1445
1446
1447
5124
1449
895
895
895
896
589
212
213
214
215
4380
4381
3712
3713
12378
7504
521
522
523
7818
7487
7488
7489
7490
9127
9128
9129
9130
9131
3500
3501
2619
516
2621
2622
4821
12086
12087
12088
12089
9888
9889
8069
6930
6931
6932
6933
6934
3152
3153
4565
4566
4567
10001
5204
5205
6290
6291
10136
5568
4807
496
4536
8675
4598
5986
5987
7924
7925
7926
7927
7930
7931
8338
2229
1628
253
4613
255
526
4886
4887
2297
7679
7680
536
537
538
9447
9448
9449
9450
9451
9452
9453
132
3448
3449
598
599
7249
4318
10892
2321
5490
5491
559
560
1311
5497
5498
2328
2329
5631
5632
10513
8023
2031
7668
2932
6202
5638
1434
1006
1007
1008
2332
4938
4939
2755
5666
5667
5668
5669
1971
1972
5634
5635
2932
4029
4943
5286
4945
4642
4947
1102
3908
4948
9837
5683
6216
2944
8741
1324
1325
5493
1449
5340
895
5341
6338
6339
3897
3898
3899
3900
3901
2595
7235
11
2598
2694
5351
5352
2950
899
900
5360
5361
4304
4305
1251
7852
2954
2955
3494
3495
4210
4211
7513
159
8696
8697
162
163
164
124
125
126
3094
3095
6599
6600
5141
5142
5143
5144
5145
5146
543
5609
7232
3847
3848
3849
3850
3851
5271
985
8709
959
960
1351
3831
9803
5682
963
964
3467
3468
5758
5759
6111
6476
6113
6478
5010
5011
1018
1019
2190
2843
5784
2573
2370
2371
714
6511
6512
5413
1027
5415
1029
1030
2893
1754
1755
1756
1057
662
1059
1060
1061
1062
1062
1063
1064
666
3978
1776
1776
682
683
3977
5031
5031
3979
3979
667
1067
5090
1780
5093
671
672
673
1048
1055
1056
5029
5030
5031
5032
5032
3961
667
1076
1077
1078
7644
5420
1792
645
646
715
716
2370
6163
2372
2373
1796
1797
1998
1998
1023
1024
1025
1026
1027
2169
2170
2171
2172
4728
1397
1398
4731
4732
1814
1815
1816
6481
1374
1375
12000
280
2731
6122
2386
2387
1282
1283
1284
8026
8027
8028
2759
6204
6205
7299
7300
2789
4968
768
1
7673
7674
7675
7676
7677
2298
2299
7862
4208
4209
1141
7871
7872
7873
5156
12088
9500
5561
5562
3136
6632
9658
9659
9660
7743
3328
3329
4418
415
10013
10014
10346
10347
8151
8152
8534
5940
6713
3022
6715
8179
10132
8298
10048
10049
6723
6267
804
805
4398
4399
8411
8412
9265
3524
7733
7734
3526
3170
12219
1491
1492
1493
9512
9513
9514
9515
9516
11101
11329
9342
9343
6829
6830
3008
4430
10344
10345
10015
8272
8273
8426
10349
3020
3021
4078
13062
13063
7720
3150
3151
6935
6936
6937
6774
6775
8964
9758
9759
4121
8427
8428
8248
4495
3398
3399
7402
7403
91
92
10133
10134
475
9285
69
70
15295
3037
10218
10219
15291
10450
10451
480
10138
3745
1932
1933
1934
1935
524
3085
4299
4300
4301
2296
131
203
204
205
206
584
7244
2055
2056
3897
5267
7234
2596
2597
12
2598
4368
4369
141
142
143
196
5355
582
582
9437
9437
9438
9439
3094
3095
3096
4048
4049
3872
3873
7513
6020
6025
6026
6027
6029
6030
6031
6032
6033
9865
6614
10213
10214
7887
6069
4158
6071
3041
6273
6274
6275
6055
6056
6057
6058
6059
6060
4232
5545
4235
12581
3045
3046
7883
12585
3036
7426
4273
1156
14216
4278
4279
4280
10455
14228
14229
8587
3125
8589
8590
6867
6906
6040
6041
7334
7335
7336
6069
14213
14214
4250
1156
4247
72
10481
9876
7432
7205
8582
7207
1866
7208
6437
8672
8673
8674
4537
2667
9065
9066
4603
4604
6419
6395
6396
7843
7844
4885
527
2296
4177
4178
3865
3884
3867
5131
235
920
921
922
923
597
598
940
7249
942
7566
963
964
3250
3266
3267
3268
7571
5844
5845
1263
1264
1265
1731
1732
2338
2339
6490
6491
11634
2832
2833
6484
6485
6486
6487
7998
6122
2344
2345
5830
2043
754
755
7262
757
758
3223
177
178
1654
9817
9818
6346
6347
3475
9842
2946
2947
4192
4193
4194
1450
5264
1328
563
8381
8382
2247
3693
3694
3695
3696
9130
4624
4625
11287
3510
1583
9480
5156
5157
5158
831
7878
7879
3174
3175
3176
3177
4090
3324
8067
8068
9890
9891
9892
9893
8903
9894
9894
9894
8902
8903
7397
7398
6771
6772
8544
8545
9148
10071
6949
8949
10074
10335
9374
10077
3006
3007
4114
4115
4117
10081
10082
10083
10084
7365
7366
7367
9743
14532
14533
16071
9639
7097
7098
7100
7101
9150
9151
14599
6810
6811
1525
7168
7146
1528
10291
10303
1530
1531
1532
1532
12539
12542
12626
7173
7174
7175
3002
12141
7138
7139
6809
6810
2991
2992
2993
9520
11562
8444
13168
11529
13170
15698
15699
5926
5927
5928
5929
5930
5931
1566
7190
4142
4143
9897
9898
9899
8421
6775
8424
4551
4552
1486
1487
1488
1489
8219
8220
849
9281
9282
11885
6722
10439
14196
14197
3409
3050
3051
3065
3066
6252
7435
9880
10403
8769
486
4589
4590
1600
1601
1602
2284
2285
4288
4289
2667
3116
816
817
1212
7873
7874
81
82
83
1172
1483
4501
8425
9760
9761
9762
1488
12562
9655
9656
9657
5192
8078
7742
16034
12439
3735
3736
3737
3738
5963
5964
7898
7899
7900
10035
7799
10367
10368
14196
8656
10138
113
114
45
46
4858
4859
4860
4528
4529
4530
4531
4522
4523
8308
3420
4288
3115
3749
7923
7931
5523
5524
10149
4294
4295
9470
9471
9472
789
1939
7459
7460
3762
255
2273
7451
7452
7453
9850
9851
9852
9129
4382
4383
4384
6088
7544
9413
10175
8697
1719
1720
3543
6099
6100
6101
6102
6103
6104
2314
5679
4946
5840
5841
5842
5843
6477
1007
6479
7271
287
288
739
7991
7656
7656
7656
7656
6141
10526
10527
6144
6145
6146
1407
1408
1409
1410
711
712
713
6510
6511
6512
6513
6150
326
6152
6153
6543
653
655
656
657
658
5026
3554
676
3556
2885
3558
2555
2556
2557
2558
3577
3578
5452
5453
5454
5455
6518
6535
6534
6530
6531
2891
2892
2893
2866
2865
1033
1033
1784
1785
1786
6527
6528
6529
6532
6536
6536
6537
1790
1791
5459
2910
6192
1397
1398
2925
1813
1380
1381
2389
2040
2041
1284
1285
5667
5668
5639
5640
1970
1971
2037
2038
2039
2040
2041
2392
2393
8025
2395
5004
2777
1288
7293
8724
8725
2941
3464
3222
2944
1106
7316
3289
3290
1457
1458
2278
5583
5584
5585
5586
5587
14229
14230
6048
6049
3039
3040
1910
6273
4232
4233
4234
6275
4786
6276
6277
6278
6279
6280
10029
9264
9265
7732
9267
3526
3527
3528
3529
10136
10137
10138
10139
10140
45
46
2633
2652
2653
30
31
7810
7811
6891
6892
33
34
35
9138
9317
9318
9319
9320
9321
9322
8600
8193
5954
5955
6692
6693
3148
7718
8178
15649
395
9386
8160
9388
9389
9390
12571
6301
6302
6724
8303
1228
6077
6078
6079
5231
5232
5233
4585
1861
1862
8394
8671
1852
1853
4288
4289
2667
3423
3424
2682
783
784
7224
7224
10153
1137
878
879
880
881
5700
6328
7843
7844
4300
3765
3766
529
531
2298
2299
6409
6410
6411
6015
10166
10167
5521
5522
3760
253
7486
9124
9421
5136
3774
5605
2240
2241
2242
1703
5611
2700
1706
1948
2413
9812
9814
5272
5273
987
988
989
3209
3210
3235
5482
2427
2423
2816
5299
5640
5307
5308
5309
5310
2039
2040
3813
3814
5832
2757
5834
5835
5836
4642
5839
3832
9801
5840
5841
5842
5843
7572
7573
2767
2768
7575
7576
7577
2424
2425
5320
5321
1966
949
950
951
952
6584
6585
5123
560
549
7
8
8368
7834
7835
7836
1835
933
3437
1255
1256
1257
1258
1259
1260
1261
2711
271
5740
5644
5644
5645
5646
5647
5648
2771
2773
3240
1000
2776
5638
1434
1435
1436
6479
4650
2449
1818
290
2739
2726
7277
7278
4660
4661
4662
1391
6500
1750
1751
4685
659
660
3973
3974
3975
3977
3977
3977
3977
684
685
3946
5080
5081
5081
5064
5065
5066
3635
5072
5073
2492
2493
2493
5077
5054
5055
5056
5051
5052
2485
2485
2485
2486
2487
2487
2488
2489
5042
5042
5042
3634
3633
3634
3635
3635
5045
5046
2548
5048
5049
5050
5054
5055
5038
5039
3649
2491
3651
3652
691
3640
1066
1067
1068
1069
2884
3967
2898
2899
2900
1034
698
6525
6526
700
5431
5432
5433
1792
7625
7626
7649
7650
3661
2583
5823
2729
2730
2213
8010
1442
2216
2217
7671
7672
5491
5492
5493
1449
897
898
899
591
2953
4308
9094
3772
3773
3487
3487
10159
10160
2267
6391
1134
3889
3890
3891
3892
3893
6230
6231
6232
6233
6234
1458
1890
7872
7873
7874
9483
9484
6299
3180
10226
7795
10035
10036
14191
6735
6301
9404
10440
9045
9046
9047
5223
5224
5225
10418
5540
7702
6260
6261
6626
6627
6628
6629
6630
8640
8640
8641
8778
8779
6633
6284
10040
10041
8417
14571
8419
6772
15335
5937
5938
12559
4554
9763
9764
9765
9766
10965
10370
6728
6729
6730
10375
1918
6743
1920
10367
5554
8303
8304
8305
482
483
5174
485
4589
8670
1147
507
3069
7808
4856
2655
2656
2657
2658
8394
8671
6438
8309
8310
5574
869
5576
2293
7463
7858
7859
7860
8358
8359
8360
935
936
906
2689
2690
2691
7833
5350
5351
3840
5494
4372
5343
5344
4186
4187
5347
5347
3902
4919
2416
2798
988
6475
626
2710
2711
5846
5672
5673
5674
2397
2398
621
622
623
624
625
626
4954
2766
7574
7575
7576
7577
2424
2425
2426
993
993
993
2427
2428
995
4933
4934
4935
4936
2717
2750
3675
2753
3677
7974
7975
7976
1003
4963
4964
3212
6209
4759
4760
186
2804
2792
2793
977
978
1125
2694
2695
2696
3842
5340
3686
3687
3842
3844
1451
5265
5266
5267
5268
5269
2597
2598
7237
7238
7239
7240
7241
4198
582
3092
6405
199
200
3863
8375
134
571
572
551
1640
1641
3453
4921
3269
1370
1371
2094
3922
3923
3924
1020
10530
10531
7599
7600
7629
2005
2006
5782
5466
3927
1023
5410
5410
5411
5787
5788
6514
6515
6548
3576
3577
2560
2561
6552
6552
1794
6157
5409
3930
5390
5390
5391
5392
6512
655
1027
3936
5428
5456
1789
1790
1791
644
645
646
3932
3933
1027
5415
5416
5417
6537
1789
5103
6540
6541
6542
707
5440
708
7616
7617
7617
5439
708
708
7618
7619
6545
3566
6547
6548
3579
3580
4699
4700
4701
5417
6505
6506
4726
2910
1082
1414
1415
1992
5385
5815
5816
7596
7597
7598
5820
2183
2924
2925
1824
7288
7289
7290
7291
4931
7579
1969
2766
7575
5295
619
620
1321
1830
1831
3790
5123
5124
5263
5264
550
3794
3795
3796
1114
3208
1116
950
4968
6584
2219
7673
7675
7319
7320
362
2266
2267
9424
779
244
791
6425
249
250
2227
4899
4601
8326
8327
1937
7510
2960
2961
2609
10187
10188
10189
6240
6241
6242
6243
8770
8771
5177
6035
6036
6037
6038
4241
4236
1914
4238
841
7416
7418
12580
5217
5218
10369
10370
10371
12589
7889
10430
10431
4058
7905
12691
4803
3530
3531
3532
3533
3534
7437
6371
9111
5242
869
5244
7819
7820
9126
9127
7324
7325
7326
1892
1893
4775
2973
13132
4778
3309
11943
11944
11945
867
868
10884
10885
1674
12727
2258
233
234
235
4310
1247
7228
7229
7230
7231
7232
2699
2700
910
911
6345
4361
3457
3458
3459
3460
3461
3462
1341
1342
1343
759
760
761
1302
3797
3798
3799
8022
7258
7259
1285
1286
5005
7579
7580
3237
3238
5740
2773
2774
4997
2775
3242
617
2769
2770
2771
2772
11649
2714
2350
2351
2434
2435
7968
7969
750
751
752
753
3815
4740
3817
3818
997
998
5281
5282
5283
1001
8028
5835
5836
5837
9835
9836
9838
9839
9806
9841
2945
6219
3839
2948
772
231
774
233
234
5132
7683
2268
5718
7685
4881
884
10152
10153
10154
10155
5714
9100
9100
876
876
5708
876
5710
5706
877
878
879
5698
5699
3294
6421
6422
8332
6424
8685
2305
1941
1942
1943
2309
1258
1259
6102
1115
1317
4926
1969
5641
5642
4993
4994
10586
10587
2029
2391
2031
2032
2033
2034
617
618
619
5487
4354
1097
3466
3468
3915
4325
4326
3270
3271
3272
7986
7586
737
738
1735
1736
1808
291
7281
7282
5809
2204
5810
5811
2916
2916
2917
2918
2007
2008
3927
2573
5392
5393
5394
7621
5449
5450
6151
6152
6152
6153
6154
6155
6156
1795
3996
1798
2002
2198
2199
7602
7603
7604
2203
5774
5776
293
2917
2918
7593
5466
5467
7596
7598
5381
2581
2582
3662
5112
1741
2211
2212
281
2441
2442
4349
1284
2932
2933
2934
5677
5678
5679
9835
9836
4950
4951
4952
7253
269
270
5280
999
11665
12049
1307
1308
6585
6586
6587
581
4204
6233
154
3694
6236
1847
1143
1144
1145
10211
13842
3319
3320
386
10460
388
389
3523
3524
8648
8197
6757
6758
6759
6760
7745
5947
5938
15993
8247
4142
8249
8250
8431
9987
10245
7133
7134
7135
3341
3342
9011
3007
3008
14258
3013
7761
3015
9638
9014
9977
9016
9671
6946
9682
9683
9684
7134
7135
7136
6804
10105
10106
9698
9734
10089
10090
10091
10092
12616
11734
4487
4488
4489
4490
4491
1566
8260
8261
14917
14918
5200
5201
3158
8535
9382
14165
3732
4131
4132
5881
7746
1174
1175
8535
5203
8557
6689
6690
4833
8790
8941
402
6637
6638
8618
11879
4569
4570
5205
10963
9766
7201
7202
8576
3410
3052
3052
3064
3065
3066
9292
9293
7436
7437
7438
7439
7440
7441
6321
3750
3751
10204
10205
10206
3300
2611
2612
2613
1463
1464
1465
3074
3075
3504
3076
3077
3078
6453
6454
7443
10178
9419
6376
6377
6378
6379
6380
6381
6602
8318
9475
7512
2675
7514
7515
9414
9414
6021
4214
4215
7546
9057
4217
4218
4219
4220
3306
7701
5541
5542
8590
6073
6062
6075
6064
9288
3049
1160
1161
383
384
4779
4780
3040
3041
6273
4232
4233
4234
4235
4236
4237
4238
4239
1912
6039
6040
6041
6042
7334
4268
4226
6047
6048
4229
4262
55
6039
6040
6869
4852
42
43
44
7213
6318
511
512
513
3507
4625
4626
9779
9780
9781
6323
2231
2232
2683
11694
1942
2308
4634
4635
4636
4637
11969
1116
1117
1118
3263
5756
3266
3916
3917
7956
7957
6478
6479
2828
2829
2339
2341
2342
2343
4346
8001
2733
2336
2337
2338
1734
1735
6493
2723
7991
311
7656
7654
7657
7993
7656
4657
1806
4659
2839
4661
4662
4663
4664
6170
6171
6187
4676
5792
5794
5795
6552
6553
5798
1795
5406
5409
5390
2369
2370
3992
2578
2579
3995
6158
2570
4000
6147
6148
325
326
327
7648
6191
726
7651
7652
5017
4660
6497
1390
322
323
324
6172
326
1411
1395
6176
726
727
1803
6575
6576
6577
6578
6579
6580
2757
2934
2935
8016
608
608
8716
3259
5323
3213
3214
3215
5837
8728
9805
9840
976
977
978
2050
7835
1834
357
358
359
1253
1254
935
936
5147
5148
5149
5150
214
5859
5860
1847
9107
8752
5534
5535
5536
5537
105
106
374
6614
6615
12698
9290
9291
4523
7435
5174
485
8770
8771
5540
10458
5179
3322
5181
3180
10365
6736
834
4086
4087
15282
838
839
840
6052
4232
4233
4790
4791
4792
4793
6627
6628
5190
6633
6634
5193
14558
14559
8216
10133
10134
10135
10136
3408
6923
6924
10428
8774
8775
5159
5160
4847
67
68
69
70
71
72
7430
7431
7432
7433
7434
3068
3069
8398
8399
10193
6082
9062
5984
2641
3081
3082
10148
4603
4294
4295
4882
4883
5144
3087
7937
890
891
208
209
894
3845
3846
3847
8707
910
5614
7944
3454
4362
4363
2406
2407
2408
2410
1707
1708
1709
1689
1690
8385
2250
2251
9074
6385
9785
7868
7869
3710
12065
25
26
1462
9109
9110
9111
119
7554
7555
6009
6010
6011
6012
6013
6014
6412
7458
4611
2235
2236
2237
6377
6378
6379
5140
5141
9466
882
4296
4297
4298
3891
3087
124
3089
3090
3091
5357
5358
3093
3094
2954
2955
4893
778
6382
245
781
782
783
784
8328
4295
4607
8330
8331
790
246
247
6881
2673
6883
9477
9478
7523
7524
7525
8393
2659
2660
7537
7538
4287
7540
7541
9411
9412
9413
6025
6026
7501
3500
3714
3506
3507
3078
6004
6005
7443
7444
7934
7935
7936
7846
166
167
168
169
170
171
5369
5615
4361
3471
3472
7953
5618
11984
5276
5277
4647
6114
4649
6116
276
2830
2832
4341
4342
4343
4344
7998
4337
4336
4337
6130
1736
5769
6142
6143
4662
4663
6146
5022
639
2169
5416
5417
5457
1791
5421
5422
3988
4672
4673
4674
4675
2847
5396
5453
5454
4702
2851
2851
2852
2853
2854
2855
5099
5100
4717
4718
4719
4720
4720
4720
6530
6531
6532
4721
1788
1789
5432
5433
704
705
706
5446
5447
3566
5449
5450
5792
6152
6153
6154
1793
1794
2195
2196
2567
2567
1991
1992
1993
1994
1995
1996
1987
2000
2567
2001
10533
10534
1421
1422
5111
2210
2211
6196
6197
6198
6199
6200
4942
756
352
353
4971
355
356
580
1954
584
4182
4183
2056
1453
565
18
19
20
776
777
778
6015
8318
8333
2226
7495
7496
10206
3119
3120
3121
3122
10211
4223
6248
3058
3059
3060
3317
3318
5867
52
8408
13135
13136
5181
5182
5183
5184
8641
8643
8644
5191
6284
13142
402
403
5960
5961
5962
1188
6689
8538
5878
5879
14594
14595
14596
8947
8948
4437
14542
9743
10666
10667
6784
10086
9371
8951
8952
8953
8954
9378
8259
8260
15629
1568
3387
3388
3388
3389
1570
1571
1571
3373
6707
7752
3375
3376
8973
8238
8975
9980
9981
8534
8535
8536
10003
1189
5954
4833
4834
8294
8295
8201
9324
8626
9325
9326
8917
8918
10795
5197
16042
3372
6675
6676
8894
8895
8896
88
89
4077
3022
3023
3024
3025
7789
10355
10356
10357
10358
4848
4849
3033
3034
6908
5210
5211
5212
10222
10223
10224
10225
10226
6265
9274
6746
12578
6749
6750
10363
5215
5216
12576
8063
6739
6739
4791
4792
9277
9278
3522
3523
5874
8648
5877
5878
5879
9662
9663
5947
3156
15992
14585
8247
7393
3396
3397
4496
4415
4416
6937
6938
6939
6940
9755
12806
12807
7099
9644
7101
14260
6656
6657
3336
3337
6801
6802
1502
1505
1504
1505
6791
9694
6804
6805
6806
10107
10108
6788
6789
7106
6796
6797
6798
10107
10091
10092
4474
8450
8451
9202
1555
1556
14148
14149
9237
12950
1533
13447
14523
12626
12627
9928
15248
4479
4111
4112
4113
13792
9749
10015
10016
10017
8967
8968
8969
7749
7750
8895
8896
8897
8898
6768
9030
15671
92
7406
7407
8300
10392
10393
10394
10395
6042
6043
3410
3061
3062
7343
3318
3319
3320
8589
8590
4263
6075
6076
6077
13816
11945
3421
3422
3423
2669
10753
10754
8682
10755
6426
6427
6428
7693
7694
9132
516
517
1859
6893
4818
4818
4818
7812
6892
4819
9861
9862
7699
7700
7701
5541
1224
1225
1226
4264
6726
6727
12589
12590
1477
10431
390
3524
8190
8191
9040
9041
3405
9766
9767
3408
5557
7888
7889
7890
7349
7892
7913
3728
3729
3730
3731
3732
4131
9329
9330
6774
6775
9667
8150
6837
16049
3348
8979
14926
7118
4420
4421
4449
12133
422
432
9687
9709
9710
9711
9534
9535
10261
10262
10263
9539
14268
8807
12658
12659
12660
14041
14969
14970
9549
9550
9551
8459
15516
15517
13760
13761
13283
15144
8848
15146
7061
15729
15471
14351
13203
13204
13204
14328
16101
11369
15398
14296
14650
14815
15207
11409
11404
14826
14827
13999
13651
13652
13653
7019
13257
13258
16102
16103
16104
16105
16106
14847
14833
14834
14835
14836
14837
14838
15541
13675
13676
13207
14081
13684
15218
15219
15737
15738
7035
7036
7037
7038
7039
7034
7035
7036
14007
14011
15151
15822
14383
14384
14366
14368
14369
15595
9563
9564
9565
9566
9567
14982
14982
14983
14984
13509
13510
6984
15911
15912
14013
13028
8479
8480
15479
15480
10282
8861
12958
12959
13318
9233
9234
11772
9236
9237
9238
8871
8872
8873
2995
2996
2997
9006
9689
9353
14908
14529
3005
9011
10079
13792
7764
7765
4445
14251
4446
4447
14260
420
1500
6787
3339
3340
3341
3342
3343
8954
8955
8234
8235
8236
9363
9364
10070
9149
9150
4422
9991
10110
10111
10112
9995
9996
15988
7115
14926
15342
5911
5912
5913
5914
5915
6805
4471
6807
12615
10093
10094
8988
7167
7168
1527
11164
10293
9594
10295
10296
9949
9950
9950
9204
9205
1540
1542
14270
14882
9620
14884
14885
9173
9174
12945
12946
4454
10098
12949
4460
10100
8995
4467
4468
8998
8999
9000
9001
9002
432
433
434
435
436
437
10113
10114
10115
10116
10117
8156
6847
15672
8925
3027
3028
3030
9284
8302
5968
9768
10453
10454
1594
8582
4282
9302
9303
8396
8397
2628
3071
6082
9776
9777
10144
1624
1625
8324
8325
1628
1629
1630
7447
7448
7449
9791
9792
2241
5609
5610
9
4187
4188
5349
5350
5351
5352
5353
5354
5355
150
4182
2066
2067
1640
9796
9797
9798
3254
5842
5843
5844
8020
8021
8022
5634
5635
2932
4352
4353
3826
4642
4643
1353
4646
6113
4648
5763
4650
307
308
309
310
311
5016
5017
2206
2205
5772
5773
2208
2209
2020
3668
2744
5476
5477
5478
5479
4757
4758
8723
7303
7979
7980
608
4034
606
5323
604
7296
605
2939
2940
3216
3217
2782
2783
184
766
767
768
769
4040
916
917
918
919
5695
366
367
7870
5582
5583
796
797
3123
108
109
110
1157
6066
4268
4269
9873
3057
6616
3315
3316
3051
6861
3413
1162
1163
13845
13846
6927
6928
10055
7743
7744
7745
7746
7747
8977
8978
6945
8980
8981
9634
9644
4435
4436
10669
10670
10671
8881
8525
8524
8882
10331
9528
11731
11732
11733
11734
5927
5928
9356
9995
9996
9997
16049
16050
8974
8975
6683
8245
8246
3366
6767
3396
8900
8901
4413
9896
8616
8617
8618
8619
8283
91
92
6849
6850
8300
3173
1905
1906
1907
1908
1909
840
5550
1917
10376
5215
5216
5217
6725
3034
4155
71
4249
10215
10215
9869
378
6309
6310
6311
6312
5978
5979
5980
5981
5982
5983
5984
6454
6455
6456
9067
9068
7225
7226
7227
7858
7859
4617
7861
7862
7863
6381
779
6383
4611
4612
4613
4614
526
9450
9451
8355
8356
8358
2261
2262
2263
2264
2265
363
9445
237
877
9102
7822
6015
6603
7494
4898
252
8043
4902
3705
3706
3707
3708
3494
3495
4210
10167
6606
6607
10171
10172
4214
6026
13120
6448
6087
3700
2641
9065
4292
6093
1937
5527
13102
3873
4212
6020
10174
10175
13092
10202
11281
11282
5990
6430
6431
6432
6433
6434
2972
1598
1599
1600
14224
5975
14225
8581
1595
4282
6437
6438
822
6440
10142
10143
9778
4627
13119
6027
6028
6449
3501
3506
520
521
522
6374
6375
122
1699
1682
1683
1945
3451
553
959
960
961
962
4320
5840
5841
4325
2419
2420
4955
5294
5295
5296
5297
5298
5481
5640
1970
1971
4330
4331
5764
2353
2721
2722
1981
1982
1983
1984
5814
5466
5467
5468
5469
5818
5381
2376
1084
5805
5806
5807
5808
293
5812
2178
2842
2843
2009
2010
719
720
721
5439
5440
5445
5446
6545
6546
5791
6550
327
328
7648
1082
1083
5383
2004
2458
2459
6146
6147
6500
2168
1028
1029
1030
1031
1032
2905
2906
3560
3561
5420
4726
7626
5108
5109
3661
3662
3663
3664
4656
4657
4657
6137
3667
3668
730
2023
282
2347
2348
2391
3802
3803
2044
2045
5120
5851
4040
4041
4042
4043
4044
130
3768
3769
3770
9464
2956
9466
5699
9468
4607
4608
9473
3297
3298
3299
6884
3499
9132
9133
501
502
9863
6900
6901
5178
6260
3322
5181
9486
4795
8779
8565
8566
15641
1193
1194
8914
8914
8198
8199
4837
15647
4128
15648
4839
3025
4841
8160
4843
4844
9390
9392
8644
8645
8646
8647
10387
10388
13858
9400
7727
8076
8077
8078
8079
7352
7353
7354
7355
7356
3379
8970
8891
8892
8893
3375
8960
8961
8962
9332
9333
9674
9675
9676
4116
4117
7096
9751
9752
7770
9754
7766
7767
9753
9754
6778
6779
9633
7362
14929
12126
3014
3015
3016
3017
3018
3019
4123
10351
10352
9385
9386
9387
9388
9389
4845
854
16025
855
856
861
10366
1921
1922
10860
10395
480
481
5222
44
5231
8399
4816
4817
6894
5995
117
118
119
120
3704
5577
9125
9126
7479
7864
7865
2252
2253
9076
1700
923
924
925
926
5259
5260
2600
6222
9091
20
776
3887
3888
5142
4298
4299
4300
7937
9434
9435
9457
3093
9440
2080
2081
4309
4310
5604
9449
9450
5248
7452
7453
4047
7455
7823
7824
9074
8687
8688
6364
7324
7325
4052
5155
5156
5157
5158
8061
3181
6266
6724
6725
4245
4246
3312
10480
4268
4226
1163
7347
7348
7349
6928
8068
8069
8070
8072
10046
4571
4572
4573
10035
3521
3522
9280
9281
9282
10391
9258
7901
14238
2980
2981
6929
13144
6288
6289
3741
1577
1578
1579
813
13089
4599
3752
3753
3754
3755
3754
3755
3756
3757
4601
253
254
525
3764
6332
1637
906
572
170
171
172
173
5615
5617
972
973
3472
964
965
3914
3457
3268
6111
6112
6113
3272
630
631
2751
1012
1274
1014
734
1976
2337
5660
5661
8008
2344
2345
752
5316
5317
2757
2758
2759
7296
7297
8017
8018
8019
628
629
5764
7586
737
2722
739
6132
1738
6137
1740
315
4343
4344
4345
4346
2342
1270
1270
1270
2733
747
748
2438
2439
2440
751
6579
6200
6201
6202
6203
6204
2763
7982
7983
7255
7256
7257
3801
5746
4753
2932
4029
5676
4031
622
2782
3218
2320
1105
2219
2220
2221
2222
2223
2224
7482
7484
7485
7486
9124
872
9422
12757
9465
10163
10164
2959
7691
369
1143
796
4053
4054
10408
10409
832
6744
10360
9276
8606
8607
8608
4402
10235
10236
10237
6848
93
14562
9656
7739
7740
7741
7742
10056
10057
13876
9900
5890
8433
8434
8435
14614
8437
8438
9169
9170
9171
8134
1534
9176
9177
9909
9910
9723
9607
9608
9226
9611
14465
14466
15374
8824
15528
15529
15530
9561
9562
13286
15829
15830
11352
13424
13425
13426
13331
8821
8106
9913
9914
9915
9916
9616
9617
9618
9619
9620
9621
1548
1549
1550
9714
10097
3357
3358
3359
3360
3361
3362
438
15623
9632
9757
4137
4138
8274
4074
3366
4076
6712
7192
9384
8908
10354
7725
13859
7727
8184
8185
9394
8781
8414
8415
5194
10236
10043
10044
10238
10239
4127
8628
8628
4838
13064
7789
8217
7791
9656
8562
8563
8780
9395
8292
1195
1196
1197
1198
4831
8788
8789
13855
7715
7716
7717
8629
6695
6717
396
397
12683
12684
8289
8934
8937
7712
8188
8914
4835
6694
8296
8297
8181
8182
4508
8290
8291
8414
401
8792
4065
3329
3330
3331
9366
9636
3015
8552
7112
7113
7114
7115
6680
6681
6681
8976
9018
9018
9019
9980
9981
9982
9983
4142
5887
12602
12603
14945
14946
12606
8230
9677
3016
3017
6664
6665
5934
5935
14917
412
9665
7756
9672
14250
4069
10014
10015
4119
10017
8151
8890
8958
3382
3383
3384
3385
8898
89
7403
91
92
15673
15674
9656
8207
8220
8221
8188
10979
6693
6694
8215
8216
8181
8602
7408
3173
9285
5219
5220
5221
5222
9048
9049
5240
5241
11594
11595
11596
4293
8329
6421
9473
6016
9475
3101
2675
3875
2680
7220
7221
5524
6417
6418
6420
6421
6422
5723
6604
6605
2226
2227
2228
3758
2230
8680
4871
783
784
8328
4295
883
884
885
886
887
3488
9449
9450
9451
2297
7467
7468
7468
5251
5252
8353
8354
5253
8376
8377
8378
8379
227
564
17
566
567
3446
7677
132
570
8365
8366
8367
8368
4375
4376
4377
4378
6357
156
3496
3299
3300
10187
7524
7525
6434
5237
2661
2662
7211
6315
7809
32
33
34
48
49
50
51
52
6623
386
387
4091
4092
4093
8167
8168
402
5195
5196
5197
4416
4499
6938
6939
6940
4138
4121
4140
9983
9984
9985
5889
5890
8085
8086
8087
8088
8089
8090
8091
9926
15872
10307
10308
10104
10105
460
14411
6809
6810
6811
6812
8803
9178
9179
9180
9181
9182
6974
6975
15516
9553
9554
14627
14978
13008
13009
14288
13899
13900
15172
15173
15174
13254
14117
13270
13271
14120
12852
7066
7067
15233
15833
9222
15839
9614
14495
11190
13771
13772
9543
9544
9545
10267
10268
10268
10269
8816
8816
8817
9230
15242
14870
14871
13321
13322
10294
11766
11767
11768
11769
11770
8867
1558
1559
15872
10103
10104
8876
10327
10328
8879
8880
8881
8882
8882
8882
8883
8884
8551
8886
8887
8888
10348
6685
6686
3160
3161
10239
15652
6699
14571
15333
8944
4417
4418
4419
9366
14929
9646
9647
9648
3016
3017
7783
9761
5951
5952
1189
7790
7791
4844
8184
3142
7709
7709
7710
848
849
850
9282
9283
9284
8302
8303
4518
5970
5971
3064
3065
10736
7534
7206
1596
1597
1598
4258
4259
4260
6865
6866
6038
6054
6276
4090
8411
389
390
391
10387
10388
8298
8299
6851
10025
10026
8065
2980
2981
2982
12597
403
11899
8618
7397
6769
7399
7400
7401
7402
7403
6714
16001
16002
6716
15650
6697
8176
8176
8200
394
8625
8203
8203
8205
9399
9400
16021
3141
9391
5187
5188
6631
6631
7730
7731
7732
10386
5875
13856
3169
3170
3171
3405
3406
3407
7202
9769
8306
13833
508
509
2629
2630
2631
2632
1470
2623
1862
1863
1864
5238
4286
4287
4288
4289
2667
2668
2669
2670
8339
6879
6879
6878
6878
10756
6385
8342
7868
5526
3296
7493
3873
7513
7514
10200
160
161
162
163
164
165
166
167
168
7
8
909
6342
3904
959
181
182
183
3233
6206
6207
991
992
993
2427
5301
3212
7294
4759
4760
6212
2315
6214
9804
963
964
965
966
967
970
971
972
973
2073
975
3837
9843
1709
1710
1711
1712
1713
1714
9105
9106
9107
6239
5534
10190
1616
10192
1618
3072
3073
500
9861
502
503
8393
8394
8395
10402
10403
4527
5538
5539
1474
5178
6297
12591
12592
9486
5189
5190
8186
3144
4798
4095
1197
8649
8633
398
8194
6691
5956
10980
10981
10982
10983
9147
8546
417
418
9336
9904
14613
14614
14615
9538
14878
14879
6965
15900
8863
14504
14505
14506
14507
14488
12523
8498
8499
13772
9545
9546
13775
13776
9215
8108
14454
14973
12841
8831
13290
12907
8834
8835
14975
14975
8832
14457
12909
12910
12911
12911
13299
13300
15527
13007
9558
9559
13010
15725
15726
9571
9572
14771
12901
14015
15231
15232
15479
15480
8128
9918
9231
8809
8809
9162
9162
9163
11771
11772
9237
15612
1547
7082
7083
4468
3002
3003
11513
11514
8521
8522
8523
8524
8527
8528
8529
8530
8531
3346
9360
7749
7750
7751
7752
6708
3383
6842
88
6844
3396
7395
7396
4411
4412
4408
8921
8922
8923
8924
8925
8926
398
399
1194
8212
11229
16011
6700
4405
4406
8904
8905
8906
9032
8908
8909
12683
12684
12685
8932
8933
8934
8929
8930
8931
8932
8933
1193
15642
15643
8915
5957
5958
9328
9329
13877
9901
9902
10072
10073
6658
6659
6660
6661
6662
7112
7113
14548
8276
7751
7754
7755
7756
8423
4136
9753
7771
6836
6837
6838
7749
15339
3376
6680
8238
6682
8240
8241
7358
6945
7360
9333
9334
9335
9336
9337
9338
10094
10095
10096
10097
1527
1529
10304
15974
15975
15976
7175
7176
7177
7178
7179
7180
424
425
426
14901
427
434
435
7092
7093
14544
14545
5905
5906
9978
8241
8242
8243
9980
9980
9981
6841
6667
8280
8281
8899
8900
8900
6846
8922
8923
8924
5954
3164
8789
13855
8649
3169
10389
10390
7408
8654
5169
5170
5171
5172
8307
6314
2664
510
511
512
513
13120
13121
515
516
517
518
519
6319
2289
7442
7443
7444
7445
7446
1137
1138
1139
9426
7865
2252
2253
7827
7828
4313
4314
4315
3452
1642
175
176
1658
5330
5331
1950
1951
9845
19
233
234
5132
3888
875
9100
5706
10155
5707
877
242
1139
1140
1141
8750
8751
6369
6370
6371
6372
6373
120
10489
10180
9126
9127
1715
2303
219
220
9418
9419
9420
7820
5579
3709
3710
3711
3712
3713
7695
7696
2620
8666
503
4822
4823
9317
4825
4826
1478
1479
12437
8225
8794
8227
4419
7119
7120
454
9530
7141
7142
9200
11005
9202
9203
12977
9953
8864
8864
8866
10285
10286
10287
10288
9596
8091
8092
8093
1547
1548
10259
10260
10261
10262
8453
8454
8455
8456
6973
9551
9552
9553
9554
15961
15962
15604
13781
12273
9963
11085
11201
12629
14899
2997
11069
11549
9155
9156
9157
9158
7155
7156
1540
1541
6966
14484
14485
14486
12824
13890
13891
13892
13893
14029
14030
11186
14392
14393
8483
15499
15503
15506
9609
14396
14397
14398
15241
14502
14142
7075
9164
7077
7078
7079
7080
15613
15614
15615
14440
14897
15617
12139
9625
9626
9627
7125
1565
4492
13059
8556
5952
3403
7407
10357
10358
10050
16027
16028
16029
4795
4796
4797
4094
9504
9505
9506
10436
15676
15677
854
6737
10360
9261
9262
844
845
7904
7905
7906
8571
1904
68
69
4266
6042
1591
6250
6251
5977
5978
4525
9306
9313
6242
2970
13128
1864
1865
7208
2661
10401
10402
9295
9295
9311
9312
1612
1613
1614
5536
10404
10405
10406
9885
4825
4826
4827
4828
4829
3148
6696
6698
3150
3151
8943
6936
6937
6774
7757
7758
8982
8983
8984
8985
8986
4475
12138
11329
4110
14154
14155
14156
12123
16073
12810
9684
9685
9686
426
9007
9008
14909
437
11565
3345
3346
8889
8890
7115
7116
7117
14927
14928
14929
6783
14539
10333
10087
10088
9740
10076
6660
6661
6662
6663
3018
3019
3020
5941
3022
3023
7788
7789
7790
7791
4844
7728
8639
8643
7730
3143
8187
4798
9504
9505
9506
9507
8637
9272
10438
5168
5169
13815
13816
13817
11276
6441
13117
13118
6444
6022
10175
10176
10177
9122
9123
9124
7820
8047
10161
12758
7684
7685
4881
884
885
886
887
888
889
7847
7848
3091
6403
4203
4204
7851
7852
7853
5511
362
363
3485
3773
3774
3775
3776
3777
3778
3779
203
204
4304
7849
127
128
901
4045
536
7681
7682
8049
7684
881
882
4606
4606
4607
4608
7689
3297
8319
6428
6429
6430
6431
1583
1584
12087
4824
5158
7705
8777
5184
6301
6302
3183
9045
3185
3186
4281
1596
13131
2974
10428
10429
4056
10461
10977
9266
9397
9398
9399
9400
7738
4061
1492
1493
1494
4104
4105
4106
4107
13473
4476
4477
9624
8443
14528
13050
3005
3006
3007
6655
12131
14949
9152
11732
2990
9936
6958
6959
10261
10262
10263
6963
1539
1540
12658
8490
8491
8492
8820
13181
6971
6972
6973
6974
9184
9185
9186
14130
14131
8843
8845
8110
8111
13284
8113
15141
7051
7052
7053
7054
15725
15726
16089
16090
16091
12869
15153
14779
15469
15470
15471
13694
11436
15133
15134
7065
8479
7068
12928
12929
12930
12528
12106
10300
14874
10293
10294
1555
1556
6816
13444
12469
12470
1536
1537
14967
14968
11178
9213
8101
8102
9226
14048
8104
15838
14491
8485
14395
8128
8129
8130
8131
14883
1546
8871
14895
9245
9246
9247
9248
437
3344
9976
9640
9641
9642
7362
7759
5902
16070
5904
4443
9679
9680
9633
9634
9635
14929
14930
8550
8551
8552
8553
8554
12321
4505
4556
4557
8075
8076
6633
6634
4063
4064
6760
6761
4133
8265
7388
6940
9018
9755
9756
5908
8267
9634
7759
7760
7761
7762
7763
9640
9641
4445
442
5911
5912
5913
9351
9707
426
427
428
11468
7178
1503
6795
6804
6805
11739
5919
9734
10089
10089
6800
6801
422
423
424
425
9005
6955
6956
6957
6958
14443
1551
1552
1553
1554
9948
9949
9204
11176
11177
12825
12523
12524
9617
14511
9963
9964
9965
9966
9967
5918
9699
9738
9739
5920
9735
9736
9373
10336
10336
11515
8522
14533
15254
15254
4430
6832
7764
7765
7766
7771
7772
7773
9670
8148
4137
4138
4552
4553
4554
5204
5205
5206
6920
6921
7202
8305
8658
8659
44
115
7213
7214
7215
7216
7217
6089
6090
6091
7444
9067
7223
7224
1631
10155
10156
9448
540
7228
7229
937
938
1958
7248
7249
7250
3907
3908
4949
4948
9837
9838
9839
5684
3224
3224
9825
2411
2412
4917
4917
4918
173
173
4360
4361
3455
969
1651
2405
2406
2407
2408
3226
3227
3228
3229
3230
763
3461
2314
8727
5680
5839
3833
5682
5683
6216
5685
3837
8742
9089
9090
9091
359
12754
11688
11689
4620
4621
4622
10186
10187
5993
2613
2614
8758
1856
8761
6898
7699
373
4222
375
376
377
378
379
6067
7336
10444
491
492
4278
4279
13832
5978
4525
8768
10404
10405
10406
9317
4825
4826
4827
3726
4403
4404
4405
4406
4410
7397
7398
4414
4497
4498
14945
8946
1497
15696
12449
8801
14264
14265
14266
14967
14968
9213
9214
8124
8125
8126
14471
12513
14140
14141
14142
14143
15864
14146
15869
15870
8440
9171
6825
8997
7176
11794
430
431
10254
10255
10256
10257
10258
10259
14443
9714
12635
14962
14963
14964
1554
9717
9718
7152
7153
15884
9159
9160
8811
8812
8813
10266
10267
14500
15968
15969
8130
9728
9729
14406
14407
12142
12143
12144
7106
464
7108
466
6661
6662
5905
5906
9016
9019
8244
6684
8246
3367
8429
8430
8431
10244
10245
10246
10247
7122
7123
7124
7125
7126
7127
8957
8958
6841
3158
3738
12207
6688
1189
6690
4833
13872
8791
14242
14243
8795
10996
4069
8270
6833
6834
8273
10840
10349
1486
1487
1488
11932
7899
10049
13862
9276
9277
4795
1900
1901
1902
853
5162
5163
5164
3521
12594
12595
5193
5194
9891
9892
8905
6847
7897
7898
4083
4084
9259
13863
16030
16031
1479
7351
8080
8081
3154
3372
3373
3383
3384
3385
3386
6672
6673
412
413
414
7118
4420
443
8949
8950
10335
9374
10338
13052
7094
7095
4432
4433
4434
4435
10073
6657
9371
9372
5921
5922
5923
5924
7141
8987
8988
8989
8990
7169
10304
10305
10306
10307
10308
10309
8518
6806
6799
6800
464
7123
3342
3343
7187
7188
7189
7190
14164
4078
4079
8624
395
9386
397
12683
12790
16008
8939
3146
3147
393
8296
4081
6289
4151
4803
4804
4805
4164
43
496
497
7541
7542
7217
7218
3081
3082
6324
4603
4604
5701
5702
5703
5704
5705
9788
5135
3487
238
9422
12757
2268
8050
8051
6603
4896
6604
6605
6606
10205
7497
7498
7514
7515
2678
9416
9417
6007
9067
9069
9070
1139
9103
9104
8388
9854
26
27
13108
8754
1616
1617
1618
3538
2640
6320
9412
11282
9414
8695
13092
13093
5987
5988
5989
6608
6609
6610
6611
6612
6613
375
376
4225
7427
15322
4157
4158
4159
4230
6730
1917
6732
6733
6734
6735
16025
855
856
16029
3521
3522
10039
10040
8069
8170
15655
15656
8174
3731
4130
8793
8794
9987
9988
9989
9990
1500
1501
1502
1506
9002
9002
9934
9935
9936
9937
9938
15702
9175
6960
6961
6962
6963
15359
9957
9958
8495
8496
15372
11037
11038
9549
9550
9551
6976
8461
9186
15602
15603
8859
8860
8861
15487
9164
11771
12106
10301
10302
4457
4457
4457
7148
9594
7150
7151
15868
15869
9590
9591
9592
10289
4458
8993
10100
10101
10102
10103
10104
12142
12143
1506
12615
12146
12147
14519
2991
14891
12154
9241
7083
8873
9930
8875
10105
8518
8519
8520
8521
11516
6655
6656
9370
10087
10075
9741
10076
11801
4428
3007
15255
3009
15257
4116
10015
4071
4072
4139
4122
3020
7786
7787
7788
8159
6719
6720
6721
9258
6737
8063
12578
6740
6742
5215
7798
7799
5217
7801
69
70
15287
15288
14232
14233
5213
7418
13079
7800
8063
10361
10027
10028
12593
6753
8646
8647
7734
7735
8651
3171
7907
6852
6853
6854
7803
8304
7203
7204
4281
7209
9304
9305
8768
9882
9883
9884
9885
8774
8775
8061
13812
863
99
100
101
14219
1150
5176
3307
4223
6615
6309
6310
10454
10455
10456
10457
10458
10459
5560
5561
9502
9503
7734
9399
13859
13860
9403
9404
5169
4517
14198
14199
9873
4271
10217
3038
15298
4160
4161
3047
3048
7203
10424
10425
10426
10427
6259
10429
5870
5871
13848
9503
3137
8937
8938
12685
14177
10961
7906
4084
4085
835
6056
4243
3045
4245
7883
1589
1590
1591
494
495
1931
1932
1933
6373
120
7818
7556
7828
7829
4910
4911
4912
985
5368
9082
912
4365
2794
1300
10910
265
2312
2313
3217
345
268
7983
7255
10916
3800
11652
1729
3673
3674
1267
632
2720
2734
738
739
5768
2838
2839
4661
2841
2179
2180
2363
6568
6569
6570
2457
2005
2006
5465
5466
1986
2000
2366
2165
2166
2167
639
640
642
5433
5434
5105
5796
713
646
3932
3933
6172
1394
6174
7626
7627
5463
2570
2361
10541
10531
1023
1797
5801
2182
2183
6178
2176
12020
1820
1821
1811
4731
4732
4012
2025
2392
2026
2027
2028
2029
5743
2715
2350
2351
3675
3676
3677
1431
1094
1095
5488
5489
188
6218
1345
2593
5349
5260
3900
4191
4368
5337
3443
1664
1665
5152
5153
5154
5155
4054
10956
10957
5561
13849
13850
13853
10699
1203
6918
6919
475
5208
4850
111
1925
1926
10971
4270
3124
7347
5559
10461
4057
4058
4059
10705
10706
11887
12594
13141
14557
15331
2983
13159
12799
10984
10985
10986
10987
14258
5901
7760
10664
10665
10666
10667
3013
10669
10670
10671
6655
8527
7366
7367
7368
14932
14933
14256
4443
14158
9752
8965
15261
9016
9671
10823
11910
11911
12607
12608
10341
4115
14255
15259
15260
15261
4552
4553
4554
12680
12323
12682
3167
3168
8786
8634
3170
12687
8637
8638
12571
12572
10728
10729
864
10731
10970
10971
11295
4391
4392
6300
11851
12574
11853
11854
12430
12431
13865
5184
64
10709
10710
5169
9045
1219
1220
1928
1147
8580
1149
1150
3188
5227
5239
2285
6080
6081
7216
7217
11287
12707
2678
9780
8339
2670
6877
6878
6880
8685
6880
12393
12394
795
4773
11703
11704
4255
4256
13131
14211
3056
10445
12409
12589
12590
1166
1899
9279
9280
13867
4060
9509
14556
12596
10056
4564
4565
12234
12235
3395
15631
8620
8621
3730
3731
11898
6701
6702
14572
4145
8613
8614
3369
3370
8420
9330
4418
12605
12606
12607
12608
12130
12131
10827
10828
9703
3339
3340
6797
9972
7124
15621
15622
15623
5907
10682
6947
6948
6949
10811
4423
4424
12312
9375
9974
9377
9630
9977
8147
9757
9668
6941
10018
6684
6666
9984
12245
14918
15336
12557
5202
10116
6687
1188
12209
3404
12326
12327
12328
12329
6061
3044
7802
7882
4246
4247
4248
15322
377
73
10968
75
4582
6080
2665
9052
9053
6085
13090
6025
4215
4216
7502
3700
1670
1234
1235
1236
5729
1702
9795
1313
3785
3786
3787
3788
5625
954
1345
4917
4918
1706
2411
10908
10905
9813
2409
2703
9809
9810
9811
2796
5628
2417
2418
2419
627
628
10512
3821
3822
5748
2445
2747
11651
11991
2041
4738
2044
5849
5850
1298
10895
191
10604
1687
1688
356
357
5129
2604
1844
1845
156
9119
219
8696
2680
6456
6457
8687
7868
7870
7871
11701
12397
12398
80
10974
6911
3725
9503
12787
9040
9041
3405
5207
5208
12695
12696
10868
10631
10632
1221
10457
9483
9484
5871
8412
9502
8188
8293
8791
8792
15691
8794
12800
10653
10654
10655
7761
13056
13057
12242
12243
12244
12245
8252
10012
15266
417
418
419
9349
2989
9905
9155
9156
8437
9158
11750
11754
15890
15891
12822
7155
7157
14270
14271
14272
14872
13446
11555
14445
8453
14617
12269
12270
12458
9616
9617
11192
14505
12477
8813
14488
8100
10269
10270
15842
10272
8109
16085
8111
12507
12508
12509
12510
12511
8482
14027
14028
14029
13894
11184
12920
13032
13306
9189
9190
13043
13783
12264
11540
11541
11558
11559
11560
14885
14886
2997
6956
12137
2992
10258
9243
9244
11088
13460
13461
7166
9201
9156
9157
6815
11462
11463
8132
11066
9623
10322
14902
14903
14423
14424
14425
14426
13049
8446
11784
5923
5924
11322
4108
5928
5929
8144
9345
16073
9348
444
445
12612
14429
11508
11786
14951
14952
13462
11552
14954
14277
12519
14279
11132
11140
11141
11142
11143
12266
12946
11081
9720
12979
14879
15492
12956
13439
12656
15493
15857
12662
11123
11124
11125
11126
12670
11477
11478
12629
9195
7085
2997
6956
9533
6958
6959
8137
10097
1527
11168
10301
10302
10290
4457
10302
7147
7148
9594
7148
11158
12475
9593
11765
11766
11767
15881
15855
9721
9722
15361
8822
8823
9216
14030
13300
11052
15524
12921
14031
14047
9916
8487
9918
13772
13433
13436
15895
12959
14881
9619
11463
11464
9194
6826
9355
9356
5930
7383
12196
15263
15264
12447
8948
12252
8884
12254
9638
16064
9640
7774
14252
12803
11913
10990
12320
12321
12322
12323
6691
6692
8915
8916
8629
3149
395
9386
8559
8560
8561
15636
9393
9394
9395
4798
12787
4098
4099
10357
10358
4085
803
804
10860
3046
479
12337
42
9047
7210
7211
6315
5571
2637
8662
1620
499
1467
7548
12770
12771
6030
9862
7699
1146
2283
1930
1931
9409
9410
5984
5985
7518
7519
7520
10172
10173
4384
6024
6025
13119
2649
2650
10188
9136
9137
9138
9139
4825
3725
3726
7913
7914
13146
13147
13148
13149
4836
7718
4129
6934
3152
6936
10803
8084
8085
13162
13163
13164
13165
8444
4471
4472
11099
11100
14601
9708
12630
12631
12137
9340
9341
4480
9967
9968
12144
422
9705
9706
13459
13460
12619
11079
8097
1511
9180
9181
9182
16085
13507
13000
13001
8115
8116
8117
15832
15234
11039
15377
13494
15380
15381
15382
15383
15545
15385
11428
11429
15451
14806
14112
6993
14332
14333
14334
14298
13721
16390
14718
16392
13912
13913
13914
15759
13649
15792
15793
13918
16384
6998
14742
11400
11421
11421
13388
13383
13746
15425
15405
11417
15421
11404
15422
14312
14312
14314
15421
15422
15423
14317
13392
6999
15211
15792
11384
16383
16384
11395
11396
11397
15424
13385
13386
15424
15798
15799
15800
15801
15802
15804
15806
15807
14853
15462
15463
15129
15131
15219
9580
15221
15222
13274
15822
7046
15827
14370
7058
14985
12901
15230
15231
15232
15479
13425
9917
13431
8489
9232
9233
7073
15488
15854
15854
15869
11083
11199
11200
9194
11480
428
9691
7178
7179
1507
10254
7142
7143
14418
14419
11145
11146
8516
7176
429
10326
12169
12309
10817
12119
15253
12128
4114
13055
5903
5904
9680
440
9757
4137
13057
10991
7129
11208
11209
11210
11211
12303
15982
12305
14429
11530
455
456
457
8876
8877
8878
9743
10330
8881
7372
10331
10332
7374
4483
12133
11322
5915
457
13468
13469
13470
461
9991
7135
12145
12146
12632
12148
3356
12150
9944
6821
11156
11777
11778
11779
11780
11781
11480
12146
1508
12148
11536
12150
12151
12939
11020
7169
7170
8994
12627
8996
8442
4479
9355
9356
9628
7111
11914
11915
16049
16050
8974
8975
6683
4503
5950
13798
11928
11897
11898
15664
15670
4149
10047
7898
7899
4085
15279
5554
8303
5220
6871
4165
4166
8311
8312
8313
6457
7557
7558
1701
225
3441
3442
4370
1449
11677
3691
152
11683
4982
4983
4984
2086
9435
583
4181
2066
2090
4987
4988
4989
4990
1970
2431
2432
2038
2434
2435
2436
2338
4335
4336
4337
4338
4339
1376
742
2213
2023
2024
12004
4739
4740
11659
11660
11661
2769
5653
5654
1972
2029
8023
2030
2392
10582
4753
4997
5647
11644
11645
11646
3239
3240
615
5848
5849
1321
5754
5755
5756
4363
913
914
3477
1108
561
11606
147
148
898
5128
1837
128
9460
7678
8357
5250
9849
9850
5514
6381
6383
6384
6096
255
12366
9126
1888
1889
5153
1891
5863
5864
13825
5973
10455
10457
2975
2976
2977
5213
4399
12780
4092
9265
14567
8223
402
7743
4065
4066
14945
8084
9989
11108
11109
7123
14426
13168
11097
7375
7376
7377
7378
7088
7089
3002
8518
9697
14610
14611
14612
13481
3355
14953
9716
12974
11763
11764
12473
15866
15865
15866
15867
15868
9924
12105
12106
14959
12972
10293
1555
11748
12473
7152
7153
8508
8509
8510
8511
13320
7077
12468
12469
12470
9168
11558
11559
1560
11561
8517
11738
6806
11097
9702
9703
9704
6954
9934
14904
14905
14906
11736
9931
14606
12169
6805
12191
11513
11514
10338
8529
8530
9679
9977
10016
8969
7390
15628
6666
3386
14939
14940
407
408
409
8420
5199
14919
15337
1485
10841
10842
3368
13800
13154
1187
10851
8925
7197
13071
10705
12570
15278
10226
12430
7910
7911
2981
7913
7914
4830
13066
13067
10702
10465
13868
12685
8569
1902
10033
13806
13807
13808
6055
12333
12576
12582
10861
6726
10863
4156
4249
3310
12586
4157
12588
5559
10638
4057
4058
11891
14556
10647
8610
8611
11899
4145
5962
3401
10003
10004
94
13071
4513
10034
7901
15680
15681
8166
9143
8079
14558
1185
11580
8900
6769
8919
8612
9894
15669
7397
6770
14572
14573
16043
11721
10069
9365
8254
5902
5903
15268
15269
5933
8261
8262
8263
14919
15991
12204
12553
12554
12555
11825
10798
10799
11824
11825
7896
14560
10023
4572
6852
6853
6854
14197
14198
15295
4227
4250
110
111
5592
6872
1932
1933
4598
2643
7924
11954
7928
8336
11951
251
252
221
2306
2307
224
1675
11602
261
1110
3794
1112
4636
10912
6103
1964
995
4927
5321
5322
5323
4032
2936
2789
2314
6213
6214
7264
3459
6474
2783
2812
4646
3808
3809
3810
2332
4938
1278
734
4014
4015
7967
277
278
6120
2213
11639
11640
11641
2026
10589
274
275
2353
7988
6482
740
2835
2837
4659
1808
2724
6495
294
295
296
2453
297
6571
6572
3662
5823
6195
11637
1378
1379
304
7965
2719
3675
1440
1441
1442
6580
1433
5669
5670
5671
1727
5645
2394
5674
5848
5849
5754
4354
954
1660
1661
1662
191
3855
3856
1128
1242
1243
3693
3694
5860
6366
6367
3108
3109
6900
6246
6247
1929
11274
11275
1580
11277
11278
11279
11280
11287
816
5991
2964
371
372
3721
3722
3723
3724
10958
14240
14241
9512
9513
8433
9515
8087
8802
9156
9157
9158
11750
8511
7076
10299
9590
10301
15973
13449
13450
13451
13452
9624
12140
13049
8445
11514
11515
10337
11801
10339
10340
9346
5900
16067
7778
7779
12121
6654
6655
9528
7103
6951
6952
6954
6955
11070
3000
9245
9246
4470
10310
10311
9969
10313
10314
10315
10316
10317
11538
12541
12542
4465
10319
14894
9173
9242
12543
15617
11072
11077
11078
12184
12175
11064
11545
11479
11480
11796
11797
4471
1522
1523
7377
13474
12150
13489
12620
12621
12165
12166
12167
11144
2991
4476
4477
4467
14407
14528
4470
11798
11799
9973
8953
9975
15623
15624
15625
15626
15627
14547
7114
6840
9999
3737
14551
10002
10003
10852
13804
14178
9508
9657
9658
4828
4829
4801
4098
4099
1180
1181
1182
7351
1184
9662
12440
12235
15630
88
10787
9984
4144
8616
10785
10786
8249
8250
8251
4500
4550
1484
13797
10992
10993
10994
12799
10985
416
10987
16067
14259
9646
14932
11214
10808
9347
16074
16076
8435
8436
11006
8439
11757
11758
11759
12952
11022
9178
11024
12643
12458
13041
12290
9728
1519
9965
11331
12172
12173
1510
1511
13492
1513
12487
14135
11045
8857
8858
12272
12273
14512
15972
12108
12109
13450
4468
11562
4480
459
11332
11505
10334
9372
9734
10089
6786
9373
463
464
9697
9698
16060
446
13052
12122
14157
11490
10989
10990
11223
11224
11225
11226
11883
10853
10854
10855
10856
10857
11857
8062
6748
4787
5553
6868
1924
11254
9493
10454
8583
1598
1599
1929
1930
13086
1932
10486
7922
4540
4541
3107
12067
1850
1146
1147
1868
12345
13087
8663
12076
10876
12078
522
523
5244
11696
2295
4617
1844
22
9118
9119
158
6607
5989
5990
3499
3699
4384
11279
2290
10147
10945
13097
13098
13099
3294
789
2234
3294
4872
6418
7869
7870
4051
4052
10953
10954
4260
1165
1166
6263
13812
13813
11250
12694
11862
11863
10770
10771
807
808
4264
4578
4579
8657
13085
495
4808
4809
116
12770
3719
3720
79
3722
4391
4392
14236
14237
10724
13865
13866
12784
4560
4561
9144
403
4564
4565
14575
14917
10067
10068
10069
6947
6948
15696
15697
14263
13884
8451
14615
14616
14617
13889
14508
11026
13430
13309
14498
14499
1541
1542
9920
14402
8868
11773
9599
9600
7150
9947
7152
15868
11752
7153
9720
7155
14281
12522
12523
8493
13773
16082
16083
14621
11345
11346
14988
14990
7061
13496
13200
13201
13202
14071
14784
15818
15819
15820
9582
15135
15136
15137
15138
15140
13286
15830
15831
13767
13768
14137
9917
9918
9961
14512
8504
13322
11120
12988
13888
12480
8815
9959
15850
15851
12465
15608
15609
13444
13445
13446
1530
1531
7170
4460
14961
4464
4463
4464
12151
12152
15616
4478
8142
8143
8144
9358
9359
8889
8890
4074
14915
11923
12442
11918
5937
5201
12678
5203
4555
4556
4557
4558
8185
7708
1901
64
3140
16022
4846
16024
7795
14182
14183
6745
6746
6739
4234
4242
4243
4244
4245
4246
4247
4248
11866
7888
6909
1165
1166
8776
10383
10038
10039
6635
8610
8611
8612
7397
4414
8250
8251
10244
8253
8254
10807
10808
12130
6656
444
6785
12306
9702
6808
5925
10093
9199
9155
12099
14956
14957
14958
15972
15973
14524
6824
8996
9195
2996
11326
14519
14520
3356
14434
13488
14276
14277
14278
14279
11012
8813
9723
13327
13037
13038
14284
14285
13335
12925
12926
12927
9586
7070
8489
8490
9207
6966
6967
9544
13433
1541
1542
15862
8503
12931
6818
6819
12939
12108
12543
12545
8143
3362
3363
3364
3365
12559
3159
14552
10851
5953
8926
8927
8928
850
3139
8289
849
4510
5564
7199
7200
10965
10966
10967
14201
6249
4280
4281
7536
2284
2285
8674
8675
2640
2641
1625
2643
11955
12719
12720
12721
8680
6877
246
247
6094
2233
8342
8343
10150
3085
4298
3891
4173
2256
4302
8376
571
8705
260
3442
1241
8744
1456
3291
3292
2303
8333
8334
8335
1717
1718
2306
1236
1237
1238
5148
589
212
592
6225
9848
362
9444
10161
9424
6381
367
368
369
370
26
27
9857
6895
1607
4816
11267
11268
11269
5225
49
7701
7702
6260
5212
2978
6627
10224
6281
6282
15686
8291
4798
4799
9505
10435
8911
8912
8913
10979
4835
4836
8541
8943
8944
4417
10984
4068
10986
8271
7769
7766
6778
6779
6780
9334
9335
9904
9905
9906
11551
3357
12937
9599
9600
9601
15705
1538
1539
9956
9212
10267
10268
14477
9615
9918
12526
8861
9210
15893
12822
14041
6970
14970
14971
14972
14973
14974
14978
8465
12857
8467
8468
15380
13015
13016
13419
13420
8478
13422
13003
8463
13345
12844
14288
15909
14064
14377
15148
15149
13216
13214
14010
12895
12896
9573
14364
14365
12901
12902
12903
15721
15722
13282
13283
13285
7054
7055
13190
13001
13508
11444
12489
12490
12491
13496
14007
14008
15117
12865
15223
14380
14381
14382
15227
15154
14365
14366
14385
14386
14387
14017
15599
8830
8836
8837
8838
8839
15523
15524
15525
15526
11182
11183
8842
12914
11053
11186
8843
13895
8845
11042
12651
12652
9586
9587
9588
1544
6818
6819
15354
13447
12949
15352
15353
11554
13447
12626
13449
7164
7165
7166
7167
7168
10098
7170
1531
6820
12266
12987
14447
8806
11014
8808
7072
13317
13318
14144
13441
15889
15890
12979
12980
8866
8867
12467
8869
12950
11760
1535
9946
9947
9158
15883
9953
9162
9163
9164
10286
14272
14273
11760
12973
14446
12520
14448
14618
12837
12838
8457
8458
13008
13506
14981
14982
7056
11348
11349
11350
12854
14861
14862
9556
8844
8465
8466
8847
13348
15169
15170
15918
15537
14784
15818
7029
11433
15131
13699
13700
15733
14071
15737
15133
9582
7065
15477
13422
14389
11054
15846
15847
15848
14492
12645
12646
13428
13429
12272
13781
11058
13783
7162
14151
13476
13477
11095
9523
9973
9376
16064
439
13794
10989
10990
14162
10116
14164
4125
4126
4127
8179
8631
8632
7196
10702
7737
8569
9390
11885
14194
10359
10360
10361
10362
10363
10377
10367
5218
4517
3408
8657
10483
12345
11946
11277
13117
10876
10200
10201
10202
1626
3082
2230
10149
4294
8329
5721
7510
7511
2961
2609
9478
2964
2651
10189
13126
6241
13837
1615
2636
2664
510
9052
9411
9412
7545
7501
9056
9133
9134
9135
8666
8667
4860
9299
9300
8584
8586
5588
52
53
6624
6625
6626
5182
10029
10384
10039
6635
10235
7914
8071
16015
11302
11303
15653
5195
9892
11899
3400
8906
3730
8538
3732
6935
8793
2985
2986
9515
11315
11316
457
14426
14427
11729
14611
4483
12450
8450
15877
1526
15879
15356
11012
11013
16080
16081
9547
14970
14971
14972
13895
9559
13505
13506
13507
15166
15167
12998
14986
14369
14370
14988
14989
7060
7061
6985
6987
14351
14792
6989
14354
14355
15126
15127
14345
14345
13273
14347
12894
12866
12863
12864
15120
15121
15741
14292
14293
14295
14296
13357
13735
13748
13739
14746
14830
14831
14832
14801
14749
15551
14749
13267
15459
14804
7018
14342
14343
15933
15934
15935
15936
6991
13667
13669
14809
15453
15454
15455
15453
15387
15388
15808
7008
7009
15434
15744
15745
15746
15456
15457
15457
15177
14750
15459
15460
8475
14855
15950
13211
11439
13500
7046
11442
15828
15829
6977
6978
12877
15723
9561
15140
15141
14624
15598
15599
8829
8830
8833
8834
12908
14458
14022
12911
8840
8841
8842
8842
8843
14133
14021
14135
13768
13769
15481
14497
14498
14499
14500
9209
8862
15898
9161
12959
12960
7075
11771
9165
8505
11766
14877
14967
10265
10266
9958
14476
12645
8121
8122
13776
8823
8824
8845
10275
10276
6978
15518
15517
15518
8828
13339
15723
8848
15715
13011
12860
15157
15470
14637
13513
14640
14641
14296
13224
14815
15426
14827
15428
15429
15430
14834
14805
14806
14755
15398
6995
13357
13358
11420
13379
14317
13390
15443
11404
11389
13373
15793
13738
11395
11393
11394
11419
11420
15424
15425
16114
13375
15764
15209
14336
14337
14338
14339
14340
7006
15559
15560
15391
15392
14357
13408
14355
13402
13403
13404
15922
15578
15579
15580
13669
13670
13671
13672
13655
14855
15475
15476
15477
12853
15232
8118
8119
8120
13309
14498
14499
8816
13771
13772
14481
9544
12661
15860
15861
15862
15486
15487
12962
9924
12529
12530
12531
12532
6821
8139
12109
12110
12111
9623
15617
14603
14604
11149
7086
425
9708
9534
14888
14889
10317
13475
12186
6826
15619
4480
11528
11529
14430
14431
9517
10317
13464
13047
13048
9966
11319
1522
11743
4475
14953
14521
12541
12542
12936
12636
12986
8453
11343
12282
11357
11357
12492
12492
11436
11437
13274
13275
14385
15720
15721
15722
13762
12996
8113
14983
7059
7060
15534
13900
14992
14293
14294
14641
6995
14650
14651
13720
13720
13722
15003
15011
15012
15013
15014
16371
15016
16127
15773
15774
15775
16405
13955
16130
16131
14693
14694
14695
14664
14665
14666
16208
13950
14662
13635
16221
16222
15030
16223
16193
16194
16363
16364
14672
13952
13953
16215
15028
16419
16420
16421
16422
16423
15072
15073
16247
16248
16248
15050
16259
16260
16262
16262
13584
13587
16332
16333
16161
16162
16162
16157
16263
16264
16329
16329
16331
16331
16329
16332
13578
13579
13580
13582
13583
13584
16159
13579
16333
16334
16335
15058
16341
16341
15067
15067
13614
15039
15037
13614
16234
13610
15083
15075
16358
16358
16359
16360
16360
16195
16195
16194
16195
16196
16197
16198
16348
16349
16348
16200
16201
16202
16203
16204
16211
14698
14699
13974
16368
16411
13989
13990
15101
13978
15104
14308
15107
11382
14727
7004
7005
7006
7007
15932
13685
13686
13687
14787
13689
13690
14790
14791
13203
13204
15920
15543
15544
14808
13254
13415
15192
7008
7022
7023
7024
7025
15576
15561
15935
13206
13207
14355
7027
13402
13657
13658
13659
13660
13661
7031
14347
14349
9579
15736
7038
15738
14006
13021
15732
15733
15734
14792
14794
14795
14329
14095
15547
14799
13266
14801
15199
7014
14801
15203
16108
15441
16115
15405
15406
15408
14999
16392
15000
15001
15006
13647
13647
11382
14727
16382
16383
13742
15203
15200
15402
13747
13748
13749
13745
13746
13747
16109
16111
15202
13741
13742
13738
13739
15111
15112
8476
8477
14121
14122
13278
12877
13763
15517
6978
6979
13283
13758
8460
10277
12509
12510
13306
13307
14138
8488
13432
12483
8820
8821
8822
8124
15236
11189
12289
13042
13043
7161
7162
14885
10308
14528
435
7092
7093
7094
7095
7764
6833
8272
9760
14162
14163
14164
7787
8285
8072
6849
95
4513
4514
11853
9275
9276
14186
7419
10411
5218
9405
9406
9407
9408
4808
4809
8664
9862
7699
373
4530
13840
6861
3054
3414
3415
3416
3417
9878
8659
5230
9881
4527
13111
486
7527
14222
13826
3318
3319
3320
5869
7348
10431
10462
10463
7734
10701
8912
8195
7713
3167
8649
8650
7736
10436
10437
9258
10026
10051
5164
12432
10030
7708
15684
8208
15641
15642
10007
401
402
4065
4066
4067
9901
8947
7119
4448
7375
14950
12451
8451
14615
14616
10264
15360
9213
9214
9215
9216
11051
13185
13008
15378
14288
14289
14291
14292
15742
15743
15397
16103
14331
14332
14333
14298
14299
14998
14820
11379
11380
15107
15108
14311
14312
13374
14652
16117
16118
16119
15006
15007
15008
16123
16124
16125
16417
16418
16419
15030
13551
16193
13625
16362
16197
16348
16349
16351
16352
13623
13624
13625
16198
13940
13629
14670
13545
14672
14672
13558
16215
16216
14697
14698
14699
14708
14708
14676
14712
14678
16414
15097
16125
14681
16128
16217
16218
13958
13637
15093
15094
15780
15781
15782
15783
15783
15009
15010
15011
15012
16120
16121
16122
16397
15097
15098
13643
15100
15101
13645
13646
13727
13728
13729
14826
7003
14321
14322
14323
14324
15463
15219
13698
7040
11437
15223
12866
15224
12868
14384
14385
15958
14860
12905
12906
12907
12908
14458
14459
14460
14461
9221
9222
11048
11182
9217
11182
11187
9218
14462
14471
14139
14140
14502
8861
14485
14486
12835
14283
9912
9913
15497
9914
14462
14463
15505
15506
15507
15508
11036
15373
13893
11051
13895
13186
13187
15724
15725
15726
16089
15910
15729
9577
13694
15731
15732
14073
14074
15735
14070
14071
15740
6989
13205
13206
13207
13683
15810
15811
13658
13659
13657
14786
14326
13407
13408
15125
14356
15562
15563
15564
15565
15581
15457
15569
15549
15550
14755
14756
14757
14643
14644
14645
14834
15585
15586
15193
15194
15195
15580
15385
15386
15584
15388
15948
15949
15590
15591
15592
15593
15594
15595
15596
15597
9185
9554
15522
9556
9557
13303
13304
13305
13306
12512
13770
9229
15241
15242
9920
9921
15488
9922
9923
11755
11756
6817
9237
8441
8141
6827
9343
9344
9345
7095
9749
6833
13795
13796
9760
10116
10117
5942
10788
11234
11235
11236
11237
15636
7901
8164
15638
9265
9266
3138
851
852
853
854
10228
7797
860
859
860
857
16028
16029
5164
5165
10226
6735
4514
4515
4516
5555
10442
15320
378
379
3059
3060
4520
4521
10737
14226
14221
12342
488
490
383
4271
4272
4273
40
4253
10397
10424
4256
12342
7529
1600
8580
7533
10737
4256
4257
4258
4778
3125
8408
10374
10375
13078
12429
12430
7910
7911
9143
9144
8225
8794
10984
10985
8964
7769
7766
9671
10987
7099
9674
9675
9676
7762
10341
10081
3011
6782
6783
12131
12449
12450
9906
9907
9908
6963
6964
1541
7159
1543
1544
12984
14960
14963
9945
1535
14965
14966
6963
15858
12835
14042
14451
10272
15906
15907
15908
13899
13511
13900
13901
15742
15743
13222
6995
14650
14815
16387
15755
15766
16392
16393
16394
15002
15007
15784
13647
14725
13916
13917
14317
15424
11404
15422
15423
11407
14313
14743
7003
7004
15215
15216
13654
13401
15393
15394
6991
16101
15397
15398
13907
14297
14298
13376
13393
13394
13650
7004
7005
14835
13240
13241
15949
15950
15116
15117
15117
15118
14781
14782
15122
14793
14794
13405
14083
15126
15127
13660
14345
15820
15952
7043
14769
12900
12900
15826
7047
7047
13195
14984
14984
7058
9570
9570
14776
14777
14778
15149
12895
12896
12897
7044
7045
12902
12903
12904
14861
13767
14460
14461
9220
9221
9225
8485
9227
9228
9229
8500
9231
7075
12466
12467
15871
15872
9965
8443
9967
9733
6806
8447
12616
423
432
12135
15701
9939
10257
2992
15617
2994
15874
11091
11092
11093
13166
13167
13168
14611
14612
13472
11744
4453
12635
12538
12539
12538
15614
15615
9242
1549
1549
1550
1551
9176
6961
14966
14967
14968
14969
13182
14971
14972
14973
14974
12841
8836
8837
14022
14023
14024
15834
14048
15366
15842
8106
15843
8125
15845
15846
15239
8120
13309
8820
14491
13329
14395
14396
14397
13771
14502
7072
9208
9209
9210
14040
14507
8814
15362
15363
9613
15840
15505
15506
8486
14478
13309
13310
13311
15967
15241
9231
9232
14484
14485
8812
14487
15859
15860
9960
9727
1544
9963
11200
9194
9195
11325
14417
10316
14890
10096
11556
6822
12626
10101
10102
10103
14908
8518
8878
466
4440
9745
15254
15255
3012
3012
9368
9369
10332
8883
6652
10078
10079
9013
8233
7113
8957
6840
12678
12206
12207
4506
4507
1491
400
10647
6286
6287
8072
93
8074
9656
12689
11240
11241
8222
8415
8169
4404
5196
6703
16042
6705
411
10067
10068
414
4136
6940
6941
6836
8889
6684
6765
6686
6687
6688
6689
11227
15660
8791
8792
8793
6647
6648
1497
15696
15697
15699
5926
11734
13454
13455
11794
11795
9695
8877
14530
11740
11741
11742
8801
8802
8803
13887
12455
14969
15905
15906
10274
10275
9562
13287
14127
14862
8463
14018
14019
14976
13007
6980
6981
13898
6984
6985
14291
15741
14293
13354
13516
7012
14104
14105
14106
11426
15551
15552
14813
14814
15753
16116
13921
13922
15769
15770
15771
14681
14682
13537
16218
16209
16210
16220
13542
13543
16221
13631
14686
14687
13951
13952
13952
13973
16410
16410
15095
15096
15097
16371
14658
14659
15028
15029
14667
14669
14670
16198
16201
16202
16203
16204
14697
13539
13540
13955
14693
16407
16408
13960
15775
15026
13955
13956
13957
13958
13959
13960
13960
13960
14677
13962
16412
13977
13977
13978
15786
11376
15412
15410
15411
15414
14821
15416
15107
11382
15109
7004
15800
15801
15802
15452
15453
15454
15455
15456
15438
15439
15440
15752
15442
11388
14319
15798
15110
13228
13229
14801
13235
13267
15178
14849
14850
14732
15438
15439
15400
16106
14644
14833
14834
15557
14342
15949
15589
15590
15591
14363
15154
15155
12900
14367
15155
15156
14376
14376
16091
16092
16093
14349
14350
14351
14352
14353
14354
13658
13659
13689
13661
13662
13663
13203
14353
16098
13705
13706
13707
13708
13709
15176
13714
13267
15946
13238
14836
15193
14111
13668
14113
15454
15197
14648
14649
14650
14298
15207
15755
15408
15409
13912
14723
15416
15417
15760
15761
15791
7002
15793
15794
13743
13747
7015
14760
14761
7018
7019
7020
15575
15576
15577
15579
15196
15197
7012
15554
13713
14750
14751
14752
14753
15586
13255
15807
15588
13271
15590
15591
14122
15136
12904
12905
12906
13291
15601
15602
15603
14471
8859
9919
8502
8503
15971
10288
9592
7148
9719
13324
8805
8806
1542
1543
15244
9620
9927
9928
11067
11068
13461
14443
14520
10318
6823
6824
12155
9623
10321
2994
7084
9196
7086
9006
9708
9709
2998
2999
3000
3001
14528
7091
1563
1564
1565
1566
1567
1568
10064
5935
5936
11819
7356
6682
9020
8977
7357
8979
6946
9365
9366
9645
9646
8549
8884
9648
9649
7782
6664
11810
11811
11812
11813
407
11815
11816
9899
9900
14927
9902
9150
9336
9337
9338
15347
15348
15349
11762
11776
15352
11158
11759
12536
12537
1533
1534
1535
14278
9538
9603
9910
6970
13182
13183
12839
12840
12841
8834
8835
8831
13761
13283
15724
7054
7055
13508
14371
14372
13193
13195
13196
13197
13511
13900
13513
14293
13355
13356
14297
14334
13911
14302
16393
14304
14305
15007
15009
15010
14305
13925
15784
13980
13981
13982
13983
16397
13527
13528
16400
16373
16374
16374
14679
16402
16403
15773
15774
15775
14702
16216
14683
14684
13550
16224
16225
16226
16227
16356
15081
13610
13611
13609
16237
16238
16239
16426
16249
15063
15064
16242
16255
15061
16257
16258
16428
16429
16429
16172
16338
16339
16340
13604
13605
16256
15044
16241
16242
16243
13607
13606
13609
16236
16236
15038
15039
15037
13608
13615
15082
13609
16231
16232
16233
16229
15085
16230
16231
16233
16357
16358
13618
16363
16364
16365
16366
13973
13974
14677
14678
16370
13989
13990
13643
13644
13977
15782
15784
15785
13647
14725
13916
14727
14745
13651
14001
14002
15462
15463
14346
7033
7034
7035
14350
14351
14352
14793
14793
15921
14357
14358
7027
11433
11434
11434
11435
9581
9582
14858
15162
15163
9565
9566
13285
13286
9564
15165
14062
16088
6983
14064
12862
12863
14380
15225
7043
15227
12899
14770
14774
13350
12861
7063
14012
14013
15593
15137
14369
7057
13190
13191
14373
13197
13013
14291
8470
8471
8472
14096
15548
15549
15570
15571
14850
14754
15455
15456
15582
15583
15584
15179
15180
15804
15805
15453
13672
14110
14111
15545
15546
16104
16105
16106
16106
16107
13743
13741
16108
15403
16385
16386
16387
16388
16389
11410
13394
14728
14321
14322
14323
14324
7028
13689
13690
14007
14009
15953
15954
12896
12897
15153
14384
14385
8854
8855
8856
15832
14025
14462
14468
14469
14470
14471
9229
9230
14141
1543
14882
14883
9621
9622
6826
6827
13166
6829
9524
14533
9746
10341
10342
10343
4116
10345
6834
10679
9641
9642
9643
8229
10997
8256
11913
11914
10115
9761
14587
4569
3403
9655
95
10358
13074
4848
834
804
6269
4245
15292
15293
15294
10371
4157
3039
4159
4160
15284
15285
15318
4156
3037
3038
10448
10449
10450
480
480
5222
102
103
9296
9311
9312
9313
5537
105
10418
5540
6902
3309
4161
15293
15294
6306
4268
10215
10216
10446
10218
10220
387
388
8596
8597
4402
9890
8417
8542
5198
5199
7355
7747
3380
8971
9362
3349
3350
3351
3352
9350
2989
10094
10095
6959
8138
11557
14957
12938
12934
9600
1536
1537
1538
10265
13889
13890
14489
14490
9613
15840
14464
15503
9225
9226
15506
9611
10270
10270
8107
8108
8109
13896
13897
8468
8469
15172
15173
15743
15938
14114
14115
14116
13255
14853
13400
13401
13402
14356
14327
14328
16101
16102
16103
16104
7013
16106
13736
16113
16114
16115
15754
15755
15756
14819
14720
14721
14722
14721
14722
14723
14724
14725
14824
15761
14318
11404
14315
14316
14313
13388
13359
15798
15799
15800
7005
13364
15180
13673
14809
15565
15566
15456
14737
14738
14739
15752
15405
13376
14319
14320
14745
14746
14107
14751
14752
14753
14732
15804
13251
14735
15183
15568
14098
13268
13269
15389
14343
14004
13210
14361
11437
15953
9575
9576
9577
9578
6988
15735
13026
13419
13420
13421
13422
8857
8858
13308
15965
14140
14502
12959
14143
14143
14144
15890
15891
7156
15856
11177
9212
9213
15362
15363
15840
15502
9223
9223
15499
9224
15840
14493
14494
14051
14052
9611
11037
15374
15375
9550
9550
6974
8460
13759
6978
15600
15600
9554
12911
12912
12913
12914
8842
8843
8109
8110
8111
12997
15725
15727
7060
13512
14291
14783
15919
14794
15921
7022
7023
13667
13668
15195
15939
15940
15582
14099
14100
15942
15943
15749
14845
14099
7016
14762
14835
13399
15809
15810
15577
14093
14094
14095
14096
14097
15457
14098
15549
15179
15586
15586
14837
14838
15561
15562
15563
14094
14095
14096
15184
15549
14116
15571
15572
15948
15949
14765
14766
14767
14122
14123
14124
7049
14126
13287
13288
13289
13291
14864
14865
14866
10281
14868
9919
15970
14872
12529
1530
7171
9238
9239
9240
9241
14896
9244
9625
13467
5929
9628
448
8146
12197
12198
9759
8274
8275
6666
11812
1573
5963
4570
4571
1179
1180
3142
14174
847
7710
7711
8938
8939
4835
10129
3148
7719
7721
4839
8625
9325
8539
13149
10236
10237
10238
8158
3163
1199
5877
5878
5959
5960
8612
406
9028
15997
8901
11901
8921
6847
8923
8286
8287
16020
9271
9272
10034
7909
11888
13865
9280
13867
13868
6632
8645
8646
10386
10980
10981
10982
8226
8227
8228
7119
12448
12449
4484
4485
14415
9938
10259
9175
6960
9157
12820
15359
15903
6970
14970
12839
14056
13007
8465
13009
13010
13192
12901
12902
12874
12875
13282
13283
14980
16087
16088
16089
7061
6985
13214
14068
13700
13701
14071
14072
13695
7030
13697
14790
13203
6989
14293
13903
13260
13261
13262
13263
13264
15553
13710
14649
14650
14298
15406
14300
15408
13913
13914
14823
14824
14825
14312
14317
13391
14300
14301
14302
14654
14655
14656
16126
16127
13531
13532
16405
16406
16407
14712
13962
13975
13976
13977
13978
15008
15105
15414
15415
14823
14824
15760
14826
14827
14828
14829
16113
13385
13737
15427
11423
11424
11425
11425
15452
15453
14116
11428
11429
15560
15560
15561
14082
14357
14358
13657
13658
13659
14788
15220
14360
14361
14362
7043
14364
14365
14366
14367
7048
7049
8115
12508
12509
14390
14391
14462
8483
15366
15498
15502
8484
15365
14464
14465
14466
14468
14469
14470
15964
15965
9229
12525
8500
12526
8862
8863
11175
15492
8812
8813
14508
14509
14510
9920
9921
9922
11752
11753
11754
12474
9924
9925
1558
14405
14515
14422
14888
14889
8988
1526
9716
15356
9718
11767
12977
9160
9161
9162
9161
8864
15488
15489
15490
12978
12833
1540
11195
13312
8808
13315
13316
8808
14504
14505
14041
6970
14619
14620
14287
14288
12859
6984
7062
13214
13215
13216
13217
13218
16095
16096
15538
15539
15125
14839
15937
14841
15196
13708
15548
13237
13238
15947
13654
13655
15392
13243
13244
15395
15923
15384
15546
15582
15176
13266
15552
14750
15178
15584
15930
14763
15588
14345
14361
14362
15223
15224
15228
14366
12873
14015
14016
14129
9187
9188
9916
15847
15848
14498
14500
9960
8501
8502
14872
14873
9237
8994
8995
8996
4468
4469
458
3004
11513
11514
11801
14932
9649
15268
7127
9997
8236
8237
6763
6764
14585
8246
5886
14939
15667
15668
15669
8621
8622
8623
8624
8180
7195
398
8912
8913
8914
8915
8916
8917
10043
8171
8172
4148
7194
8159
8635
15675
8637
12570
12571
12572
7795
855
856
9261
10230
3521
10232
10054
7742
7743
4564
15664
4566
9028
3368
6770
6771
6704
8420
8421
14578
7388
8424
15627
6943
6944
6945
14578
415
416
417
4434
4435
10085
6657
12312
8951
8952
10079
10080
10081
10082
10083
9645
7779
7780
4442
10081
9347
9348
12811
8435
14614
14266
13887
13889
13890
9548
9549
10273
11040
8847
15725
15726
9570
9571
14777
14778
14779
14781
14782
15918
14353
14794
15393
6991
14329
15397
7011
15197
7013
15199
15203
15204
13743
13743
13744
15402
15403
15404
15405
14652
13921
13922
13923
13984
13985
13986
13987
16397
16371
15771
15772
16404
16406
16216
16217
16219
14667
15031
16353
13563
16423
15051
15051
16259
16261
16155
16155
16164
16165
16165
16164
16165
16152
16153
16165
16149
16150
16151
16143
16143
16262
16143
16144
16145
16146
13581
16147
16147
16146
16149
16148
16149
16172
16173
16177
16183
16179
16180
16181
16182
16173
16172
16173
16174
16175
16176
16172
15045
15046
15075
16343
16344
13947
13947
16352
13551
13552
13553
13624
13625
13626
13627
13628
13629
13633
13633
13634
14692
13635
14692
16131
16131
14662
16203
16204
16203
14707
14696
13954
13955
16131
16131
16132
14666
14667
16133
13550
16352
16353
16354
16355
16356
16357
15083
15084
15085
15085
16229
16230
15039
15040
15041
15042
16250
16251
15064
16253
16253
16254
16243
16244
16255
16256
16240
16241
16242
16243
16243
16248
16249
15050
16427
16429
16141
16141
16157
13584
13585
13586
13587
16272
16271
16272
16273
16274
16269
16270
16315
16315
16316
16315
16316
16316
16293
16292
16293
16288
16289
16290
16291
16292
16452
16284
16285
16449
16281
16282
16281
16438
16438
16439
16439
16441
16441
16441
16442
16442
16443
16444
16444
16445
16446
16447
16447
16455
16456
16318
16317
16277
16278
16320
16315
16316
16317
16318
16455
16269
16269
16270
16329
16330
16331
13587
13588
13588
13578
13579
13593
16147
16148
16171
16173
15057
15058
13604
13605
15067
13617
13618
13937
13938
13939
13940
13940
13941
13942
16225
16226
16227
16228
16229
13616
13618
13619
13619
13937
16197
13555
15091
15092
15093
15094
15096
15097
13528
16400
15017
15018
15019
14713
14714
14715
13647
13648
13649
13917
11413
16113
15206
15207
15208
15209
15210
15409
14301
14302
14303
14304
14305
15012
15013
15014
13528
16372
16371
15021
15022
16128
15775
13956
14698
14699
14700
14676
14676
13962
13963
13964
14680
16125
14658
14682
13561
13562
13563
13564
13565
16238
15042
15043
16258
16258
15053
16260
16262
16264
16264
16266
16274
16459
16459
16295
16298
16298
16299
16301
16304
16306
16307
16308
16309
16290
16291
16292
16283
16288
16289
16311
16311
16312
16313
16281
16437
16438
16439
16300
16301
16536
16480
16482
16507
16507
16484
16521
16522
16503
16504
16533
16478
16479
16480
16475
16476
16466
16507
16467
16468
16468
16469
16519
16510
16509
16510
16511
16498
16499
16498
16514
16514
16500
16500
16494
16495
16515
16520
16471
16472
16524
16525
16526
16467
16468
16488
16489
16490
16492
16493
16494
16500
16520
16520
16521
16516
16517
16470
16471
16529
16529
16529
16529
16483
16484
16526
16471
16472
16473
16474
16476
16476
16477
16477
