4038
1323
15716
15720
15725
15724
15726
15728
15730
15732
15734
15746
15759
15773
15788
15804
15821
15839
15858
15868
15869
15871
15874
15789
15794
15800
15807
15815
15824
15834
15845
15856
15869
15884
15899
15914
15931
15949
15968
15988
15989
15991
16551
16555
16560
16566
16573
16581
16033
16043
16054
16066
16079
16093
16108
16124
16141
16160
16179
16199
16200
16202
16205
16209
16214
16220
16227
16235
16554
16564
16575
16587
16600
16606
16611
16603
16607
16612
16390
16396
16411
16413
16523
16525
16530
16536
16542
16534
16543
16555
16566
16578
16591
16605
16620
16627
16633
16626
16634
16636
16637
16638
16626
16630
16635
16641
16634
16642
16632
16642
16637
16648
16642
16650
16601
16617
16634
16652
16644
16656
16657
16654
16657
16660
16651
16657
16663
16656
16665
16666
16658
16663
16667
16670
16671
16603
16620
16638
16657
16664
16665
16667
16670
16674
16679
15991
15998
16006
15989
15999
16010
16006
16034
16033
16064
16079
16081
15980
15999
16019
15987
16557
16560
16564
16569
16575
16582
16590
16599
16609
16620
16632
16645
16659
16674
16690
16707
16680
16699
16710
16711
16713
16716
16720
16716
16722
16717
16713
16722
16238
16249
16261
16258
16287
16302
16322
16339
16357
16376
16396
16378
16380
16383
16387
16392
16398
16390
16593
16602
16612
16623
16635
16648
16482
16497
16513
16530
16548
16552
16396
16573
16575
16578
16582
16587
16593
16600
16608
16617
16627
16638
16650
16663
16677
16692
16708
16725
16743
16762
16767
16768
16770
16773
16777
16770
16776
16783
15995
16004
16014
16025
16037
16591
16605
16620
16636
16653
16671
16690
16710
16711
16713
16716
16720
16725
16731
16738
16746
16755
16765
16776
16788
16801
16797
16811
16800
16804
16807
16810
16816
16817
16818
16819
16807
16812
16818
16823
16817
16825
16814
16825
16797
16810
16824
16831
16828
16833
16825
16826
16830
16831
16833
16836
16193
16197
16203
16210
16218
16842
16564
16575
16587
16600
16614
16629
16645
16662
16680
16699
16719
16720
16722
16725
16729
16734
16740
16747
16755
16764
16774
16785
16797
16810
16824
16839
16855
16872
16548
16551
16396
16397
16380
16383
16193
16198
16536
16211
16219
16228
16564
16372
16261
16397
16411
16426
16322
16339
16357
16376
16396
16397
16399
16386
16406
16411
16417
16544
16416
16422
16415
16426
16458
16487
16485
16516
16532
16549
16551
16570
16590
16591
16593
16596
16600
16530
16536
16543
16537
16546
16541
16548
16524
16537
16551
16516
16582
16599
16617
16636
16656
16657
16659
16537
16541
16529
16535
16542
16531
16540
16547
16558
16547
16542
16551
16426
16497
16514
16532
16551
16516
16517
16519
16522
16526
16531
16537
16544
16537
16554
16564
16575
16587
16600
16614
16629
16645
16662
16680
16699
16719
16720
16722
16725
16729
16734
16740
16747
16755
16764
16774
16785
16797
16810
16824
16839
16855
16872
16890
16909
16929
16930
16932
16935
16939
16944
16950
16957
16965
16974
16984
16995
17007
17002
17007
17009
17010
17013
16742
16761
16781
16782
16784
16787
16791
16796
16802
16809
16817
16826
16836
16847
16859
16872
16886
16901
16917
16934
16952
16971
16991
16992
16994
16997
17001
17006
17012
17019
17027
17036
17046
17038
17047
17020
17034
17049
17047
17053
17046
17054
17056
17057
17058
17051
17055
17060
17061
17054
17062
17055
17065
17057
17068
17065
17070
17009
17025
17042
17060
17064
17076
17077
17073
17076
17080
17071
17077
17083
17076
17085
16984
16995
17007
17020
17034
17049
17065
17082
17091
16971
16991
16992
16994
16997
17001
17006
17012
17019
17027
17036
17046
17057
17069
17082
17096
17111
17110
16939
16957
16976
16996
16997
16999
17002
17006
17011
17017
17024
17032
17041
17051
17062
17074
17087
17101
17116
17132
17126
16612
16631
16651
16652
16654
16657
16661
16666
16672
16679
16687
16696
16706
16717
16729
16742
16756
16771
16787
16804
16822
16841
16861
16862
16864
16867
16871
16876
16882
16889
16897
16906
16916
16927
16939
16952
16966
16981
16997
17014
17032
17051
17071
17072
17074
17077
17081
17086
17092
17099
17107
17116
17126
17137
17149
17162
17176
17191
17192
17193
17193
17195
17196
17197
17198
17190
17194
17199
17196
17203
17167
17176
17186
17197
17208
17056
17070
17085
17101
17118
17136
17155
17175
17176
17178
17181
17185
17190
17196
17203
17211
17220
17194
17205
17217
17221
17225
17231
17220
17229
17227
17230
17235
17236
17238
17238
17228
17233
17239
17243
17240
17244
17186
16538
16549
16527
16541
16566
3989
16562
16580
16599
16619
16620
16622
16625
16629
16461
16468
16475
16483
16511
16521
16512
16544
16537
16551
16566
16582
16599
16617
16636
16656
16657
16659
16662
16666
16671
16677
16684
16692
16701
16711
16722
16734
16547
16542
16489
16491
16492
16552
16513
16550
16535
16537
16556
16560
16565
16571
16578
16586
16595
16533
16544
16544
16547
16541
16543
16547
16553
16547
16534
16554
16502
16504
16506
16510
16535
16540
16528
16537
16546
16556
16567
16515
16528
16531
16546
16550
16554
16543
16538
16540
16522
16524
16527
16531
16536
16542
16540
16538
16554
16564
16575
16587
16600
16614
16629
16645
16662
16680
16699
16719
16720
16722
16725
16729
16734
16740
16747
16755
16764
16774
16785
16797
8061
12577
16560
16576
16593
16611
16630
16650
16651
16653
16656
3132
9278
16045
16053
16060
16069
16079
16581
16593
16606
16620
16635
16651
16668
16686
16705
16725
16726
16728
16731
16735
16740
16746
16753
16761
16770
16780
16791
16803
16816
16830
16845
16861
16878
16896
16915
16935
16936
16938
16941
16945
16950
16956
16963
16971
16980
16990
17001
17013
17026
17040
17055
17071
17088
17106
17125
17145
17146
17148
17151
17155
17160
17166
17173
17181
17190
17200
17211
17223
17236
17250
17265
17281
17298
17316
17335
17355
17356
17358
17361
17365
17370
17376
17383
17391
17400
17410
17421
17433
17446
17460
17465
17470
17462
17466
17470
17474
17475
17477
17463
17467
17472
17478
17467
17475
17484
17475
17486
17487
17488
17489
17487
17482
17487
17492
17482
17486
17487
17489
17492
17496
17501
17490
17497
17487
17496
17506
17498
17506
17504
17503
17509
17504
17509
17514
17504
17508
17509
17511
17514
17518
17506
17512
17519
17509
17518
17509
17520
17338
17351
17365
17380
17396
17413
17431
17450
17470
17471
17473
17476
17480
17485
17491
17498
17506
17515
17525
17536
17548
17549
17550
17548
17543
17548
17553
17543
17547
17548
17550
17553
17557
17545
17551
17558
17548
17557
17548
17559
17188
17201
17215
17230
17246
17263
17281
17300
17320
17321
17323
17326
17330
17335
17341
17348
17356
17365
17375
17386
17398
17411
17425
17440
17456
17473
17491
17510
17530
17531
17533
17536
17540
17545
17551
17558
17566
17575
17585
17596
17608
17609
17610
17608
17603
17608
17613
17603
17607
17608
17610
17613
17617
17605
17611
17618
17608
17617
17608
17619
17619
17626
17625
17631
16301
16336
16354
16356
16377
16378
16380
16383
16387
16392
16398
16388
16396
16422
16415
16426
16438
16570
16584
16599
16615
16632
16650
16669
16689
16690
16692
16695
16699
16704
16710
16542
16536
16543
16541
16537
16549
16531
16545
16506
16522
16539
16491
16510
16530
16531
16533
16536
16540
16533
16539
16434
16479
16488
16546
16542
16521
16534
16548
16526
16542
16562
16580
16599
16619
16620
16622
16625
16629
16530
16536
16543
16537
16546
16541
16531
16543
16537
16551
16481
16562
16579
16597
16616
16636
16637
16639
16642
16646
16651
16657
16664
16672
16681
16691
16702
16714
16727
16741
16756
16772
16789
16807
16826
16846
16847
16849
16852
16856
16861
16867
16874
16882
16891
16901
16912
16909
16922
17291
17306
17322
17339
17357
17376
17396
17397
17399
17402
17406
17411
17417
17424
17432
17441
17451
17462
17474
17487
17501
17516
17532
17549
17567
17586
17606
17607
17609
17612
17616
17621
17627
17634
17642
17651
17661
17672
17684
17697
17711
17726
17742
17759
17777
17780
17783
17784
17786
17789
17793
17798
17786
17793
17801
17791
17801
17776
17788
17801
17807
17803
17808
17813
17804
17808
17812
17813
17815
17818
17805
17810
17816
17823
17813
17822
17813
17824
17828
17829
17830
17828
17823
17828
17833
17823
17827
17828
17830
17833
17837
17825
17831
17838
17828
17837
17828
17839
17828
17841
17847
17843
17848
17853
17844
17848
17852
17853
17855
17858
17845
17850
17856
17863
17853
17862
17853
17864
17848
17861
17867
17863
17868
17873
17864
17868
17872
17873
17875
17878
17865
17870
17876
17883
17873
17882
17873
17884
16789
16802
16816
16831
16847
16864
16882
16901
16921
16922
16924
16927
16931
16936
16942
16949
16957
16966
16976
16987
16999
17012
17026
17041
17057
17074
17081
17077
17625
17626
17628
17631
17635
17640
17646
17653
17661
17670
17680
17691
17703
17716
17730
17745
17761
17778
17796
17815
17835
17836
17838
17841
17845
17850
17856
17863
17871
17880
17890
17901
17913
17926
17940
17945
17950
17942
17946
17950
17954
17955
17957
17943
17947
17952
17958
17947
17955
17964
17955
17966
17948
17961
17967
17963
17968
17973
17964
17968
17972
17973
17975
17978
17965
17970
17976
16354
16362
16371
16381
16392
16404
16417
16431
16446
16462
16479
16497
16516
16536
16537
16539
16371
16375
16380
16386
16393
16401
16410
16420
16431
16424
16437
16470
16485
16501
16518
16536
16555
16556
16367
16369
16372
16376
16381
16387
17209
17217
17226
17236
17247
17259
17272
17286
17301
16502
16519
16537
16556
16531
16532
16534
16537
16541
16536
16461
16538
16507
16530
16540
16537
16549
16531
16545
16525
16561
16578
16596
16615
16635
16636
16638
16641
16645
16650
16656
16663
16671
16680
16690
16701
16713
16726
16740
16755
16771
16788
16806
16825
16845
16846
16848
16851
16855
16860
16866
16873
16881
16890
16900
16911
16923
16936
16950
16965
16981
16998
17016
17035
17055
17056
17058
17061
17065
17070
17076
17083
17091
17100
17110
17121
17133
17146
17160
17175
17191
17208
17226
17245
17265
17266
17268
17271
17275
17280
17286
17293
17285
17294
18001
18012
18024
18037
18051
18066
18082
18099
18117
18120
18123
18124
18126
18129
18133
18138
18126
18133
18141
18131
18141
17946
17958
17971
17985
18000
18016
18033
18051
18070
18090
18091
18093
18096
18100
18105
18111
18118
18126
18135
18145
18156
18168
18169
18170
18168
18163
18168
18173
18163
18167
18168
18170
18173
18177
18165
18171
18178
18168
18177
18168
18179
18187
18188
18189
18187
18182
18187
18192
18182
18186
18187
18189
18192
18196
18201
18190
18197
18187
18196
18206
18198
18173
18186
18200
18205
18210
18202
18206
18210
18214
18215
18217
18203
18207
18212
18218
18207
18215
18224
18215
18226
18227
18228
18229
18227
18222
18227
18232
18222
18226
18227
18229
18232
18236
18241
18230
18237
18227
18236
18246
18238
18247
18248
18249
18247
18242
18247
18252
18242
18246
18247
18249
18252
18256
18261
18250
18257
18247
18256
18266
18258
17208
17221
17235
17250
17266
17283
17301
17320
17340
17341
17343
17346
17350
17355
17361
17368
17376
17385
17395
17406
17418
17431
17445
17460
17465
17457
17461
17465
17469
17470
17472
17458
17462
17467
17473
17462
17470
17479
17470
17481
17157
17170
17184
17199
17215
17232
17250
17269
17289
17290
17292
17295
17299
17304
17310
17317
17325
17334
17344
17355
17367
17380
17394
17409
17425
17442
17460
17479
17499
17500
17502
17505
17509
17514
17502
17509
17517
17507
17517
17511
17521
17522
17523
17521
17516
17521
17526
17516
17520
17521
17523
17526
17530
17535
17524
17531
17521
17530
17540
17532
16449
16462
16476
16491
16507
16524
16542
16548
16378
16379
16381
16384
16388
16393
16399
16406
16414
16423
16433
16535
16547
16469
16574
16589
16605
16622
16640
16659
16679
16680
16682
16520
16524
16529
16535
16542
16534
16554
16564
16575
16587
16600
16614
16629
16645
16662
16680
16699
16546
16530
16532
16534
16774
16779
16785
16792
16800
16809
16819
16830
16842
16855
16869
16884
16900
16514
16547
16551
16531
16532
16534
16537
16541
16564
16570
16577
16585
16594
16604
16615
16627
16640
16654
16669
16685
16702
16720
16739
16759
16760
16762
16765
16769
16774
16780
16787
16795
16804
16814
17060
17072
17085
17099
17114
17130
17147
17165
17184
17204
17205
17207
17210
17214
17219
17225
17232
17240
17249
17259
17270
17282
17295
17309
17324
17340
17357
17375
17394
17414
17415
17417
17420
17424
17429
17435
17442
17450
17459
17469
17480
17492
17505
17519
17534
17550
17567
17585
17604
17624
17625
17627
17630
17634
17639
17645
17652
17660
17669
17679
17690
17702
17703
17704
17702
17697
17702
17707
17697
17701
17702
17704
17707
17711
17699
17705
17712
17702
17711
17702
17713
17721
17722
17723
17721
17716
17721
17726
17716
17720
17721
17723
17726
17730
17735
17724
17731
17721
17730
17740
17732
17741
17742
17743
17741
17736
17741
17746
17736
17740
17741
17743
17746
17750
17755
17744
17751
17741
17750
17760
17752
16543
16537
16551
16426
16582
16599
16617
16636
16656
16657
16659
16662
16666
16671
16677
16684
16692
16701
16711
16722
16734
16747
16761
16776
16792
16809
16827
16551
16515
16516
16518
16521
16525
16530
16536
16987
16995
17004
17014
17025
17037
17050
17064
17079
17095
17112
17130
17149
17169
17170
17172
17175
17179
17184
17190
17197
17205
17214
17224
17235
17247
17260
17274
17289
17305
17322
17340
17359
17379
17380
17382
17385
17389
17394
17400
17407
17415
17424
17434
17445
17457
17470
17484
17499
17515
17532
17550
17569
17589
17590
17592
17595
17599
17604
17610
17617
17625
17634
17644
17655
17667
17680
17694
17709
17725
17742
17760
17779
17799
17800
17802
17805
17809
17814
17820
17827
17835
17844
17854
17865
17877
17879
17878
17884
17879
17884
17875
17879
17883
17884
17886
17889
17893
17881
17887
17894
17884
17893
17884
17895
16587
16600
16614
16629
16645
16662
16680
16699
16719
16720
16722
16725
16729
16734
16740
16747
16755
16764
16774
16785
16797
16402
16416
16431
16462
16463
16481
16500
16520
16521
16523
16526
16530
16535
16541
16529
16537
16546
16556
16567
16579
16592
16606
16621
16637
16654
16672
16691
16711
16712
16714
16717
16721
16726
16732
16739
16747
16756
16766
16777
16789
16802
16816
16831
16847
16864
16882
16901
16921
16922
16924
16927
16931
16936
16942
16949
16957
16966
16976
16987
16999
17012
17026
17041
17057
17074
17092
17111
16531
16532
16534
16537
16541
16354
16360
17187
17195
17204
17214
17225
17237
17250
17264
17279
17295
17312
17330
17349
17369
17370
17372
17375
17379
17384
17390
17397
17405
17414
17424
17435
17447
17460
17474
17489
17505
17522
17540
17559
17579
17580
17582
17585
17589
17594
17600
17607
17615
17624
17634
17645
17657
17670
17684
17699
17715
17732
17750
17769
17789
17790
17792
17795
17799
17804
17810
17817
17825
17834
17844
17855
17867
17880
17894
17909
17925
17942
17960
17979
17999
18000
18002
18005
18009
18014
18020
18027
18035
18044
18054
18065
18077
18079
18078
18084
18079
18084
18075
18079
18083
18084
18086
18089
18093
18081
18087
18094
18084
18093
18084
18095
18093
18100
18099
18105
18100
18105
18096
18100
18104
18105
18107
18110
18114
18102
18108
18115
18105
18114
18105
18116
16537
16550
16564
16579
16595
16612
16630
16649
16669
16670
16672
16675
16679
16684
16690
16697
16705
16714
16724
16735
16747
16760
16774
16789
16805
16822
16840
16859
16879
16880
16882
16885
16889
16894
16900
16907
16915
16924
16934
16945
16957
16970
16984
16999
17015
17032
17050
17069
17089
17090
17092
17095
17099
17104
17110
17117
17125
17134
17144
17155
17167
17180
17194
17209
17225
17242
17260
17279
17299
17300
17302
17305
17309
17314
17320
17327
17335
17344
17354
17365
17373
17373
18152
18167
18183
18200
18204
18208
18195
18196
18198
18201
18205
18210
18216
18205
18213
18203
18213
18221
18221
18222
18223
18221
18216
18221
18226
18216
18220
18221
18223
18226
18230
18235
18224
18231
18221
18230
18240
18232
18233
18240
18239
18245
18240
18245
18236
18240
18244
18245
18247
18250
18254
18242
18248
18255
18245
18254
18245
18256
18261
18262
18263
18261
18256
18261
18266
18256
18260
18261
18263
18266
18270
18275
18264
16388
16396
16405
15848
15859
16578
16591
16605
16620
16718
16735
16753
16772
16003
16004
16006
16009
16013
16018
16537
16542
16195
16204
16214
16225
16237
16250
16264
16285
16301
16318
16336
16357
16377
16378
16380
16383
16370
16375
16381
16388
16396
16405
16415
16426
16438
16451
16465
16480
16496
16513
16584
16603
16623
16513
16515
16518
16522
16527
16535
16542
16531
16554
16564
16575
16587
16600
16614
16629
16645
16662
16680
16690
16635
16636
16638
16641
16645
16650
16656
16663
16671
16680
16690
16701
16665
16678
16692
16426
16442
16459
16547
16554
16516
16517
16519
16522
16557
16562
16568
16575
16583
16592
16602
16613
16625
16638
16652
16667
16683
16700
16718
16735
16927
16928
16930
16933
16937
16942
16948
16955
16963
16972
16982
16993
17005
17018
17032
17047
17063
17080
17098
17117
17137
17138
17140
17143
17147
17152
17158
17165
17173
17182
17192
17203
17215
17228
17242
17257
17273
17290
17308
17327
17347
17348
17350
17353
17357
17362
17368
17375
17383
17392
17402
17413
17425
17438
17452
17467
17483
17500
17518
17537
17557
17558
17560
17563
17567
17572
17578
17585
17593
17602
17612
17623
17635
17636
17637
17635
17630
17635
17640
17630
17634
17635
17637
17640
17644
17649
17638
17645
17635
17644
17654
17646
17656
17655
17656
17654
17660
17654
17659
17649
17653
17654
17656
17659
17663
17668
17657
17664
17672
17663
17673
17665
17676
17675
17676
17674
17680
17674
17679
17669
17673
17674
17676
17679
17683
17688
17677
17684
17692
17683
17693
17685
16684
16697
16711
16726
16742
16759
16777
16796
16816
16817
16819
16822
16826
16831
16837
16844
16852
16861
16871
16882
17216
17229
17243
17258
17274
17291
17309
17328
17348
17349
17351
17354
17358
17363
17369
17376
17384
17393
17403
17414
17426
17439
17453
17468
17484
17501
17519
17538
17558
17559
17561
17564
17568
17573
17579
17586
17594
17603
17613
17624
17636
17649
17663
17678
17694
17711
17729
17748
17751
17752
17754
17757
17761
17766
17754
17761
17769
17759
17769
17736
17748
17761
17775
17771
17776
17781
17772
17776
17780
17781
17783
17786
17773
17778
17784
17791
17781
17790
17781
17792
17796
17795
17796
17794
17800
17794
17799
17789
17793
17794
17796
17799
17803
17808
17797
17804
17812
17803
17813
17805
16380
16393
16407
16422
16441
16458
16473
16492
16512
16513
16518
16521
16525
16530
16536
16543
16537
16546
16546
16531
16543
16542
16471
16486
16502
16519
16537
16556
16384
16385
16387
16537
16541
16534
16540
16524
16532
16541
16540
16535
16547
16529
16543
16504
16520
16537
16555
16495
16515
16516
16518
16521
16525
16530
16536
16543
16537
16546
16542
16507
16518
16532
16545
16560
16576
16593
16611
16630
16650
16651
16653
16656
16660
16665
16671
16678
16686
16695
16705
16716
16728
16741
16755
16770
16786
16803
16821
16840
16860
16861
16863
16866
16870
16875
16881
16888
16896
16905
16915
16926
16938
16951
16965
16980
16996
17013
17031
17050
17070
17071
17073
17076
17080
17085
17091
17098
17091
17100
17094
17105
17107
17102
17111
17086
17102
17743
17761
17780
17800
17801
17803
17806
17810
17815
17821
17828
17836
17845
17855
17866
17878
17891
17905
17920
17936
17953
17957
17961
17948
17949
17951
17954
17958
17963
17969
17958
17966
17956
17966
17964
17976
17975
17976
17974
17980
17974
17979
17969
17973
17974
17976
17979
17983
17988
17977
17984
17992
17983
17993
17985
17996
17995
17996
17994
18000
17994
17999
17989
17993
17994
17996
17999
18003
18008
17997
18004
18012
18003
18013
18005
16543
16542
16542
16472
16488
16505
16523
16542
16565
16566
16568
16571
16575
16387
16393
16400
16408
16417
16526
16508
16549
16533
16547
16529
16545
16544
16563
16582
16602
16603
16605
16608
16612
16617
16623
16630
16638
16647
16657
16668
16680
16693
16707
16722
16738
16755
16773
16792
16812
16813
16815
16818
16822
16827
16833
16840
16848
16857
16867
16878
16890
16903
16917
16932
16948
16965
16983
17002
17022
17023
17025
17028
17032
17037
17043
17050
17058
17067
17077
17088
17100
17113
17127
17142
17158
17175
17193
17212
17232
17233
17235
17238
17242
17247
17253
17260
17268
17277
17287
17280
17980
17993
18007
18022
18038
18055
18073
18092
18112
18113
18115
18118
18122
18127
18115
18122
18130
18120
18130
18124
18136
18135
18136
18134
18140
18134
18139
18129
18133
18134
18136
18139
18143
18148
18137
18144
18152
18143
18153
18145
18155
18156
18157
18155
18150
18155
18160
18150
18154
18155
18157
18160
18164
18169
18158
18165
18155
18164
18174
18166
16545
16548
16539
16541
16543
16552
16547
16549
16551
16533
16535
16538
16539
16541
16543
6033
10419
7330
7331
11864
4274
17383
17397
17412
17428
17445
17463
17482
17502
13844
5869
6261
5871
16043
16046
16056
16065
16074
16119
16132
15801
15814
15828
16186
16202
16219
16237
16256
16276
16277
16593
16596
16600
16605
16611
16618
16626
16635
16645
16656
16668
16681
16381
16396
16412
16429
16357
16466
16590
16591
16590
16593
16638
16643
16649
16656
16664
16673
16683
16694
16706
16719
16733
16748
16764
16781
16799
16818
16838
16839
16841
16844
16848
16853
16859
16866
16874
16883
16893
16904
16916
16929
16943
16958
16974
16991
17009
17028
17048
17049
17051
17054
17058
17063
17069
17076
17084
17093
17103
17114
17126
17139
17153
17168
17184
17201
17219
17238
17258
17259
17261
17264
17268
17273
17279
17286
17294
17303
17313
17324
17336
17349
17363
17378
17394
17411
17429
17448
17468
17469
17471
17474
17478
17483
17489
17496
17504
17494
17504
17497
17509
17508
17509
17507
17513
17507
17512
17502
17506
17507
17509
17512
17516
17521
17510
17517
17525
17516
17526
17518
17529
17528
17529
17527
17533
17527
17532
17522
17526
17527
17529
17532
17536
17541
17530
17537
17545
17536
17546
17538
17549
17548
17549
17547
17553
17547
17552
17542
17546
17547
17549
17552
17556
17561
17550
17557
17565
17556
17566
17558
17569
17568
16466
16481
16497
16519
16537
16551
16396
16378
16379
16382
16386
16391
16397
16388
16396
16781
16791
16802
16814
16827
16841
16856
16872
16889
16907
16926
16946
16947
16949
16952
16956
16961
16967
16974
16982
16991
17001
17012
17024
17037
17051
17066
17082
17099
17117
17136
17156
17157
17159
17162
17166
17171
17177
17184
17192
17201
17211
17222
17234
17247
17261
17276
17292
17309
17327
17346
17366
17367
17369
17372
17376
17381
17387
17394
17402
17411
17421
17432
17444
17457
17471
17486
17502
17519
17537
17556
17576
17577
17579
17582
17586
17591
17597
17604
17612
17621
17631
17642
17654
17667
17666
17672
17667
17672
17663
17667
17671
17672
17674
17677
17681
17669
17675
17682
17672
17681
17672
17683
17689
17688
17689
17687
17693
17687
17692
17682
17686
17687
17689
17692
17696
17701
17690
17697
17705
17696
17706
17698
17694
17707
17706
17712
17707
17712
17703
16551
16531
16532
16534
16537
16541
16530
16536
16543
16537
16546
16541
16427
16439
16468
16482
16566
16582
16530
16548
16551
16516
16517
16518
16522
16525
16530
16536
16543
16537
16546
16556
16548
16524
16537
16551
16516
16532
16549
16551
16556
16531
16550
16552
16555
16559
16564
16570
16577
16585
16594
16604
16615
16627
16640
16654
16669
16513
16530
16548
16551
16540
16516
16518
16521
16525
16530
16536
16543
16531
16540
16541
16516
16528
16541
16544
16424
16422
16549
16567
16586
16606
16607
16609
16612
16616
16621
16627
16634
16642
16651
16661
16672
16684
16697
16711
16726
16742
16759
16777
16796
16816
16817
16819
16822
16826
16831
16837
16844
16852
16861
16871
16882
16894
16907
16921
16936
16952
16969
16987
17006
17007
17008
17010
17013
17014
17006
17012
17473
17481
17490
17500
17511
17523
17536
17550
17565
17581
17598
17616
17635
17655
17656
17658
17661
17665
17670
17676
17683
17691
17700
17710
17721
17733
17746
17760
17775
17791
17808
17826
17845
17865
17866
17868
17871
17875
17880
17868
17875
17883
17873
17883
17888
17889
17888
17889
17887
17893
17887
17892
17882
17886
17887
17889
17892
17896
17901
17890
17897
17905
17896
17906
17898
17909
17908
17909
17907
17913
17907
17912
17902
17906
17907
17909
17912
17916
17921
17910
17917
17925
17916
17926
17918
16543
16422
16466
16481
16497
16563
16581
16600
16620
16621
16623
16626
16630
16635
16641
16648
16656
16665
16675
16686
16698
16711
16725
16740
16756
16773
16791
16810
16830
16831
16833
16836
16840
16845
16851
16858
16866
16875
16885
16896
16908
16921
16935
16950
16966
16983
17001
17020
17040
17041
17043
17046
17050
17055
17061
17068
17076
17085
17095
17106
17118
17131
17145
17160
17166
17754
17772
17791
17811
17812
17814
17817
17821
17826
17832
17839
17847
17856
17866
17877
17889
17902
17916
17931
17947
17964
17982
18001
18004
18005
18007
18010
18014
18019
18007
18014
18022
18012
18022
18017
18029
18028
18029
18027
18033
18027
18032
18022
18026
18027
18029
18032
18036
18041
18030
18037
18045
18036
18046
18038
18049
18048
18049
18047
18053
18047
18052
18042
18046
18047
18049
18052
18056
18061
18050
18057
18065
18056
18066
18058
18069
18068
18069
18067
18073
18067
18072
18062
18066
18067
18069
18072
18076
18081
18070
18077
18085
18076
16541
16535
16547
16536
16547
16461
16463
16465
16467
16469
16489
16472
16474
16477
16481
16486
16492
16499
16507
16516
16526
16537
16549
16542
16484
16510
16545
16553
16550
16544
16550
16536
16538
16525
16529
16534
16540
16530
16538
16510
16539
16531
16543
16583
16597
16612
16628
16645
16663
16682
16702
16703
16705
16708
16712
16717
16723
16730
16738
16747
16757
16768
16780
16793
16807
16822
16838
16855
16873
16892
16912
16913
16915
16918
16922
16927
16532
16539
16545
16544
16539
16556
16568
16581
16595
16610
16626
16643
16661
16680
16700
16701
16703
16706
16710
16715
16721
16728
16736
16745
16755
16766
16778
16791
16805
16820
16836
16853
16871
16890
16910
16911
16913
16916
16920
16925
16931
16938
16946
16955
16965
16976
16988
17001
17015
17030
17046
17063
17081
17100
17120
17121
17123
17126
17130
17135
17141
17148
17156
17165
17175
17186
17198
17211
17225
17240
17256
17273
17291
17310
17330
17331
17333
17336
17340
17345
17351
17358
17366
17375
17385
17396
17408
17421
17424
18246
18251
18243
18247
18251
18255
18256
18258
18244
18248
18253
18259
18248
18256
18265
18256
18267
18269
18268
18269
18267
18273
18267
18272
18262
18266
18267
18269
18272
18276
18281
18270
18277
18285
18276
18286
18278
18289
18288
18289
18287
18293
18287
18292
18282
18286
18287
18289
18292
18296
18301
18290
18297
18305
18296
18306
18298
16649
16640
16654
16863
16879
16896
16914
16933
16953
16954
16956
16959
16963
16968
16974
16981
16989
16998
17008
17019
17031
17044
17058
17073
17089
17106
17124
17143
17163
17164
17166
17169
17173
17178
17184
17191
17199
17208
17218
17229
17241
17254
17268
17283
17299
17316
17334
17353
17373
17374
17376
17379
17383
17388
17394
17401
17409
17418
17428
17439
17451
17464
17478
17493
17509
17526
17544
17548
17535
17536
17538
17541
17545
17550
17556
17545
17553
17543
17553
17550
17562
17561
17562
17560
17566
17560
17565
17555
17559
17560
17562
17565
17569
17574
17563
17570
17578
17569
17579
17571
17579
17583
17584
17582
17577
17582
17587
17577
17581
17582
17584
17587
17591
17579
17585
17592
17582
17591
17582
17593
17602
17601
17602
17600
17606
17600
17605
17595
17599
17600
17602
17605
17609
17614
17603
17610
17618
17609
16361
16372
16384
16397
16411
16426
16442
16599
16617
16636
16515
16516
16518
16521
16525
16530
16536
16543
16522
16531
16541
16427
16439
16452
16466
16481
16497
16514
16532
16551
16515
16516
16518
16521
16525
16530
16536
16543
16416
16554
16564
16575
16587
16600
16614
16629
16645
16662
16551
16570
16590
16591
16593
16596
16600
16605
16611
16618
16626
16635
16453
16464
16476
16489
16503
16518
16534
16551
16569
16588
16608
16609
16611
16614
16618
16623
16629
16636
16644
16653
16663
16674
16686
16699
16713
16728
16744
16761
16779
16798
16818
16819
16821
16824
16828
16833
16839
16846
16854
16863
16873
16884
16875
16888
16887
16898
16899
17264
17282
17301
17321
17322
17324
17327
17331
17336
17342
17349
17357
17366
17376
17387
17399
17412
17426
17441
17457
17474
17492
17511
17531
17532
17534
17537
17541
17546
17552
17559
17567
17576
17586
17597
17609
17622
17636
17651
17667
17684
17702
17721
17741
17742
17744
17747
17751
17756
17762
17769
17777
17767
17777
17770
17782
17781
17782
17780
17786
17780
17785
17775
17779
17780
17782
17785
17789
17794
17783
17790
17798
17789
17799
17791
17781
17794
17800
17796
17801
17806
17797
17801
17805
17806
17808
17811
17798
17803
17809
17816
17806
17815
17806
17817
16967
16980
16994
17821
17816
17821
17826
17816
17820
17821
17823
17826
17830
17835
17824
17831
17821
17830
17840
17832
17586
17599
17613
17628
17644
17661
17679
17698
17718
17719
17721
17724
17728
17733
17739
17746
17754
17763
17773
17784
17796
17809
17823
17838
17854
17858
17862
17866
17870
17871
17856
17859
17863
17868
17874
17863
17871
17861
17871
17881
17861
17874
17880
17876
17881
17886
17877
17881
17885
17886
17888
17891
17878
17883
17889
17896
17886
17895
17886
17897
17902
17901
17902
17900
17906
17900
17905
17895
17899
17900
17902
17905
17909
17914
17903
17910
17918
17909
17919
17911
17711
17724
17738
17753
17769
17786
17804
17823
17843
17844
17846
17849
17853
17858
17864
17871
17879
17888
17898
17909
17921
17934
17940
17936
17941
17946
17937
17941
17945
17946
17948
17951
17938
17943
17949
17956
17946
17955
17946
17957
17956
17958
17957
17963
17958
17963
17968
17958
17962
17963
17965
17968
17972
17960
17966
17973
17963
17972
17963
17974
17219
17232
16425
16440
16456
16473
16491
16510
16530
16531
16533
16536
16540
16353
16359
16366
16374
16383
16393
16404
16416
16429
16443
16458
16474
16491
16509
16553
16548
16513
16515
16476
16480
16527
16533
16540
16506
16538
16525
16536
16548
16449
16463
16478
16494
16511
16548
16548
16568
16569
16571
16574
16578
16583
16589
16596
16604
16613
16623
16634
16646
16659
16673
16688
16704
16721
16739
16758
16778
16779
16781
16784
16788
16793
16799
16806
16814
16823
16833
16844
16545
16558
16572
16587
16603
16461
16464
16511
16544
16546
16548
16551
16555
16560
16566
16573
16581
16590
16600
16611
16623
16636
16650
16665
16681
16698
16716
16735
16755
16756
16758
16761
16765
16770
16776
16783
16791
16800
16810
16821
16833
16846
16860
16875
16891
16908
16926
16945
16965
16966
16968
16971
16975
16980
16986
16993
17001
17010
17020
17031
17043
17056
17070
17085
17101
17118
17136
17155
17175
17176
17178
17181
17185
17190
17196
17203
17211
17220
17230
17241
17253
17266
17280
17295
17311
18064
18082
18101
18121
18122
18124
18127
18131
18136
18142
18149
18157
18147
18157
18150
18162
18161
18162
18160
18166
18160
18165
18155
18159
18160
18162
18165
18169
18174
18163
18170
18178
18169
18179
18171
18181
18182
18183
18181
18176
18181
18186
18176
18180
18181
18183
18186
18190
18195
18184
18191
18181
18190
18200
18192
17276
17289
17303
17318
17334
17351
17369
17373
18163
18164
18166
18169
18173
18178
18184
18191
18199
18208
18218
18210
18222
18221
18222
18220
18226
18220
18225
18215
18219
18220
18222
18225
18229
18234
18223
18230
18238
18229
18239
18231
16839
16852
16866
16881
16897
16914
16932
16951
16971
16972
16974
16977
16981
16986
16992
16999
17007
17016
17026
17037
17049
17062
17076
17091
17107
17124
17142
17161
17181
17182
17184
17187
17191
17196
17202
17209
17217
17226
17236
17247
17259
17272
17286
17301
17317
17334
17352
17371
17391
17392
17394
17397
17401
17406
17412
17419
17427
17436
17446
17457
17469
17471
17470
17476
17471
17476
17481
17471
17475
17476
17478
17481
17485
17473
17479
17486
17476
17485
17476
17487
17480
17493
17492
17498
17493
17498
17489
17493
17497
17498
17500
17503
17507
17495
17501
17508
17498
17507
17498
17509
16438
16468
16482
16497
16513
16530
16548
16551
16514
16515
16517
16520
16524
16529
16535
16542
16534
16543
16418
16372
16384
16397
16411
16426
16442
16459
16547
16553
16516
16517
16518
16522
16525
16588
16594
16601
16609
16618
16628
16639
16651
16452
16466
16481
16497
16514
16532
16551
16540
16538
16523
16524
16528
16535
16541
16542
16397
16599
16609
16620
16632
16645
16659
16674
16690
16707
16725
16744
16719
16720
16722
16507
16530
16535
16541
16529
16537
16546
16556
16567
16543
16258
16551
16516
16532
16549
16338
16357
16377
16378
16380
16581
16585
16590
16596
16603
16611
16620
16630
16641
16653
16666
16680
16695
16711
16728
16746
16765
16785
16786
16788
16791
16795
16800
16776
16783
16791
16800
17042
17053
17065
17078
17092
17107
17123
17140
17158
17177
17197
17198
17200
17203
17207
17212
17218
17225
17233
17242
17252
17263
17275
17288
17302
17317
17333
17350
17368
17387
17407
17408
17410
17413
17417
17422
17428
17435
17443
17452
17462
17473
17485
17498
17512
17527
17543
17560
17578
17597
17617
17618
17620
17623
17627
17632
17638
17645
17653
17662
17672
17683
17695
17694
17695
17693
17699
17693
17698
17688
17692
17693
17695
17698
17702
17707
17696
17703
17711
17702
17712
17704
17715
17714
17715
17713
17719
17713
17718
17708
17712
17713
17715
17718
17722
17727
17716
17723
17731
17722
17732
17724
17735
17734
17735
17733
17739
17733
17738
17728
17732
17733
17735
17738
17742
17747
17736
17743
17751
17742
17752
17744
16649
16662
16484
16499
16532
16549
16550
16555
16531
16532
16534
16581
16585
16590
16596
16603
16611
16620
16630
16641
16653
16666
16680
16695
16711
16728
16746
16765
16785
16786
16788
16791
16795
16800
16806
16813
16821
16830
16840
16851
16863
16876
16890
16905
16921
16938
16956
16975
16969
16970
16972
16975
16979
16980
17378
17385
17393
17402
17412
17423
17435
17448
17462
17477
17493
17510
17528
17547
17567
17568
17570
17573
17577
17582
17588
17595
17603
17612
17622
17633
17645
17658
17672
17687
17703
17720
17738
17757
17777
17778
17780
17783
17787
17792
17798
17805
17813
17822
17832
17843
17855
17854
17855
17853
17859
17853
17858
17848
17852
17853
17855
17858
17862
17867
17856
17863
17871
17862
17872
17864
16389
16396
16410
16425
16441
16458
16476
16495
16515
16516
16518
16521
16525
16530
16536
16543
16537
16541
16541
16507
16519
16532
16546
16520
16536
16564
16582
16601
16621
16622
16624
16627
16631
16636
16642
16649
16657
16540
16541
16507
16528
16541
16546
16426
16442
16461
16476
16495
16515
16516
16518
16521
16561
16566
16572
16579
16587
16596
16541
16531
16543
16541
16546
16481
16497
16514
16532
16551
16541
16522
16524
16527
16531
16536
16542
16542
16522
16531
16541
16398
16410
16423
16574
16589
16605
16622
16640
16659
16679
16527
16529
16532
16536
16541
17152
17159
17167
17176
17186
17197
17209
17222
17236
17251
17267
17284
17302
17321
17341
17342
17344
17347
17351
17356
17362
17369
17377
17386
17396
17407
17419
17432
17446
17461
17477
17494
17512
17531
17551
17552
17554
17557
17561
17566
17572
17579
17587
17596
17606
17617
17629
17642
17656
17671
17687
17704
17722
17741
17761
17762
17764
17767
17771
17776
17782
17789
17797
17806
17816
17827
17839
17852
17866
17881
17897
17914
17932
17951
17971
17972
17974
17977
17981
17986
17992
17999
18007
18016
18026
18037
18049
18051
18050
18056
18051
18056
18061
18051
18055
18056
18058
18061
18065
18053
18059
18066
18056
18065
18056
18067
18020
18033
18047
18062
18078
18070
18074
18078
18082
18083
18085
18071
18075
18080
18086
18075
18083
18092
18083
18094
18085
18092
18091
18097
16466
16469
16470
16490
16493
16476
16477
16561
16565
16570
16576
16583
16591
16600
16610
16621
16633
16646
16660
16675
16691
16708
16726
16745
16765
16766
16518
16538
16525
16530
16536
17315
17323
17332
17342
17353
17365
17378
17392
17407
17423
17440
17458
17477
17497
17498
17500
17503
17507
17512
17518
17525
17533
17542
17552
17563
17575
17588
17602
17617
17633
17650
17668
17687
17707
17708
17710
17713
17717
17722
17728
17735
17743
17752
17762
17773
17785
17798
17812
17827
17843
17860
17878
17897
17917
17918
17920
17923
17927
17932
17938
17945
17953
17962
17972
17983
17995
18008
18022
18037
18053
18070
18088
18107
18127
18128
18130
18133
18137
18142
18148
18155
18163
18172
18182
18193
18205
18212
18211
18217
18212
18217
18208
18212
18216
18217
18219
18222
18226
18214
18220
18227
18217
18226
18217
18228
17299
17312
17326
17341
17357
17374
17392
17411
18214
18215
18217
18220
18224
18229
18235
18242
18250
18240
18250
16056
16068
16081
16095
16110
16126
16142
16161
16180
16199
16201
16202
16205
16209
16214
16221
16210
16218
16227
16255
16266
16260
16290
16305
16320
16336
16353
16371
16390
16410
16411
16413
16416
16420
16529
16535
16542
16446
16455
16465
16476
16488
16501
16515
16530
16546
16563
16581
16600
16620
16621
16623
16626
16630
16635
16641
16648
16656
16647
16657
16653
16813
16541
16468
16348
16364
16381
16567
16586
16606
16607
16609
16612
16616
16455
16461
16468
16476
16554
16564
16575
16587
16600
16614
16629
16645
16662
16680
16839
16859
16860
16862
16865
16869
16874
16880
16887
16895
16904
16914
16925
16937
16950
16964
16979
16995
17012
17030
17049
17069
17070
17072
17075
17079
17084
17090
17097
17105
17114
17124
17135
17147
17160
17174
17189
17205
17222
17240
17259
17279
17280
17282
17285
17289
17294
17300
17307
17315
17324
17334
17345
17357
17370
17384
17399
17415
17432
17450
17469
17489
17490
17492
17495
17499
17504
17510
17517
17525
17534
17544
17555
17567
17580
17586
17582
17587
17592
17583
17587
17591
17592
17594
17597
17584
17589
17595
17602
17592
17601
17592
17603
17572
17585
17599
17604
17609
17601
17605
17609
17613
17614
17616
17619
17606
17611
17617
17606
17614
17623
17614
17625
17627
17628
17629
17627
17622
17627
17632
17622
17626
17627
17629
17632
17636
17641
17630
17637
17627
17636
17646
17638
16697
16710
16724
16739
16755
16772
16790
16809
16829
16830
16799
16802
16806
16811
16817
16824
16832
16826
16836
16825
16837
17196
17210
17225
17241
17258
17276
17295
17315
17316
17318
17321
17325
17330
17336
17343
17351
17360
17370
17381
17393
17406
17420
17435
17451
17468
17486
17505
17525
17526
17528
17531
17535
17540
17546
17553
17561
17570
17580
17591
17603
17616
17630
17645
17661
17678
17696
17715
17702
17703
17705
17708
17712
17717
17705
17712
17720
17710
17720
17716
17728
17727
17728
17726
17732
17726
17731
17721
17725
17726
17728
17731
17735
17740
17729
17736
17744
17735
17745
17737
17748
17747
17748
17746
17752
17746
17751
17741
17745
17746
17748
17751
17755
17760
17749
17756
17764
17755
17765
17757
17768
17767
17768
17766
17772
17766
17771
17761
17765
17766
17768
17771
17775
17780
17769
17776
17784
17775
17785
17777
16385
16397
16381
16396
16412
16429
16532
16466
16486
16516
16518
16521
16525
16530
16536
16543
16531
16540
16556
16567
16579
16592
16606
16481
16497
16514
16532
16551
16552
16516
16518
16521
16525
16530
16536
16543
16398
16407
16417
16566
16578
16591
16605
16620
16636
16653
16671
16552
16543
16537
16522
16525
16529
16534
16540
16543
16534
16554
16564
16575
16587
16600
16614
16629
16645
16662
16680
16509
16518
16530
16532
16535
16539
16533
16539
16543
16537
16554
16564
16575
16587
16600
16614
16629
16645
16662
16680
16699
16719
16720
16722
16725
16729
16734
16740
16747
16755
16764
16774
16785
16797
16810
16824
16839
16855
16872
16890
16909
16929
16930
16932
16935
16939
16944
16950
16957
16965
16974
16984
16995
17007
17020
17034
17049
17065
17082
17593
17612
17632
17633
17635
17638
17642
17647
17653
17660
17668
17677
17687
17698
17710
17723
17737
17752
17768
17785
17803
17822
17842
17843
17845
17848
17852
17857
17863
17870
17878
17887
17897
17908
17920
17933
17947
17943
17948
17953
17944
17948
17952
17953
17955
17958
17945
17950
17956
17963
17953
17962
17953
17964
17967
17968
17969
17967
17962
17967
17972
17962
17966
17967
17969
17972
17976
17981
17970
17977
17967
17976
17986
17978
16965
16978
16992
17007
17023
17040
17058
17077
17097
17098
17100
17103
17107
17112
17118
17125
17133
17142
17152
17163
16422
16437
16469
16485
16502
16518
16571
16590
16610
16611
16613
16616
16620
16625
16631
16638
16646
16655
16665
16676
16688
16701
16715
16730
16746
16763
16781
16800
16820
16821
16823
16826
16830
16835
16841
16848
16856
16865
16875
16886
16898
16911
16925
16940
16956
16973
16991
17010
17030
17031
17033
17036
17040
17045
17051
17058
17066
17075
17085
17096
17108
17121
17135
17150
17166
17183
17201
17220
17240
17241
17243
17246
17250
17254
17242
17249
17257
17249
17259
17940
17952
17965
17979
17994
18010
18027
18045
18064
18084
18085
18087
18090
18094
18099
18087
18094
18102
18092
18102
18096
18108
18107
18108
18106
18112
18106
18111
18101
18105
18106
18108
18111
18115
18120
18109
18116
18124
18115
18125
18117
18128
18127
18128
18126
18132
18126
18131
18121
18125
18126
18128
18131
18135
18140
18129
18136
18144
18135
18145
18137
18148
18147
18148
18146
18152
18146
18151
18141
16544
16527
16529
16532
16536
16541
16527
16534
16542
16546
16544
16542
16557
16570
16584
16599
16615
16632
16539
16541
16543
16525
16527
16530
16534
16539
16535
16537
16539
16541
16543
16545
16547
16549
16551
10212
7338
7339
7340
17404
17424
6862
13843
8407
8408
13135
13136
16053
16060
16069
16079
8641
16083
8644
9658
15832
15848
16179
16197
16216
16236
16583
16585
16588
16592
16597
16206
16213
16221
16321
16331
16342
16354
16367
16381
16396
16412
16429
16413
16466
16486
16487
16605
16608
16612
16617
16623
16630
16638
16647
16657
16668
16680
16693
16707
16722
16738
16755
16773
16792
16812
16813
16815
16818
16822
16827
16833
16840
16848
16857
16867
16878
16890
16903
16917
16932
16948
16965
16983
17002
17022
17023
17025
17028
17032
17037
17043
17050
17058
17067
17077
17088
17100
17113
17127
17142
17158
17175
17193
17212
17232
17233
17235
17238
17242
17247
17253
17260
17268
17277
17287
17298
17310
17323
17337
17352
17368
17385
17403
17422
17442
17443
17445
17448
17452
17457
17463
17470
17478
17487
17497
17489
17501
17500
17501
17499
17505
17499
17504
17494
17498
17499
17501
17504
17508
17513
17502
17509
17517
17508
17518
17510
17520
17521
17522
16283
16298
16339
16357
16376
16396
16397
16399
16367
16371
16376
16382
16389
16397
16406
16416
16427
16439
16452
16466
16481
16576
16593
16611
16630
16650
16651
16653
16656
16660
16665
16671
16678
16686
16407
16417
16428
16440
16453
16467
16482
16513
16530
16567
16586
16606
16607
16609
16612
16616
16621
16627
16634
16642
16651
16661
16672
16684
16697
16711
16726
16742
16759
16758
16761
17023
17024
17026
17029
17033
17038
17044
17051
17059
17068
17078
17089
17101
17114
17128
17143
17159
17176
17194
17213
17233
17234
17236
17239
17243
17248
17254
17261
17269
17278
17288
17299
17311
17324
17338
17353
17369
17386
17404
17423
17443
17444
17446
17449
17453
17458
17464
17471
17479
17488
17498
17509
17521
17534
17548
17563
17579
17596
17614
17633
17636
17637
17639
17642
17646
17651
17639
17646
17654
17644
17654
17649
17661
17660
17661
17659
17665
17659
17664
17654
17658
17659
17661
17664
17668
17673
17662
17669
17677
17668
17678
17670
17681
17680
17681
17679
17685
17679
16532
16551
16516
16517
16519
16522
16526
16531
16537
16544
16538
16532
16542
16537
16549
16527
16541
16426
16532
16549
16533
16552
16515
16516
16518
16521
16525
16530
16536
16543
16537
16546
16541
16540
16543
16537
16551
16516
16532
16549
16532
16551
16515
16516
16518
16521
16525
16530
16536
16543
16532
16541
16541
16543
16543
16537
16551
16516
16532
16549
16551
16551
16515
16516
16518
16558
16562
16567
16573
16580
16588
16597
16607
16618
16630
16643
16657
16672
16688
16705
16723
16742
16762
16763
16765
16768
16772
16777
16783
16790
16798
16807
16817
16828
16840
16853
16867
16882
16898
16915
16933
16952
17343
17344
17346
17349
17353
17358
17364
17371
17379
17388
17398
17409
17421
17434
17448
17463
17479
17496
17514
17533
17553
17554
17556
17559
17563
17568
17574
17581
17589
17598
17608
17619
17631
17644
17658
17673
17689
17706
17724
17743
17763
17764
17766
17769
17773
17778
17784
17791
17799
17808
17818
17829
17841
17840
17841
17839
17845
17839
17844
17834
17838
17839
17841
17844
17848
17853
17842
17849
17857
17848
17858
17850
17861
17860
17861
17859
17865
17859
17864
17854
17858
17859
17861
17864
17868
17873
17862
17869
17877
17868
17878
17870
17881
17880
17881
17879
17885
17879
17884
17874
17878
17879
17881
17884
17888
17893
17882
17889
17897
17888
17898
17890
17898
17902
17903
17901
17896
17901
17906
17896
17900
17901
17903
17906
17910
17898
17904
17911
17901
17910
17901
17912
16669
16682
16696
16711
16727
16744
16762
16781
16801
16802
16804
16807
16811
16816
16822
16829
16837
16846
16856
16867
16879
16892
16906
16921
16937
16954
16972
16991
17011
17012
17014
17017
17021
17026
17032
17039
17047
17056
17066
17077
17089
17102
17116
17131
17126
17139
17728
17747
17767
17768
17770
17773
17777
17782
17788
17795
17803
17812
17822
17833
17845
17858
17872
17887
17903
17920
17938
17957
17977
17978
17980
17983
17987
17992
17980
17987
17995
17985
17995
17989
18001
18000
18001
17999
18005
17999
18004
17994
17998
17999
18001
18004
18008
18013
18002
18009
18017
18008
18018
18010
18020
18021
18022
18020
18015
18020
18025
18015
18019
18020
18022
18025
18029
18034
18023
18030
18020
18029
18039
18031
18041
18040
18041
18039
18045
18039
18044
18034
18038
18039
18041
18044
18048
18053
18042
18049
18057
18048
18058
18050
18061
18060
18061
18059
18065
18059
18064
18054
18058
18059
18061
18064
18068
18073
16541
16543
16527
16536
16545
16538
16545
16530
16544
16560
16576
16593
16611
16630
16650
16651
16653
16656
16660
16665
16671
16678
16455
16456
16458
16460
16462
16464
16466
16468
16470
16487
16490
16509
16544
16530
16532
16535
16539
16528
16535
16541
16531
16540
16533
16544
16578
16550
16564
9528
11731
11732
11733
11734
16568
16569
16571
16574
16578
16583
16589
16596
16604
16613
16623
16634
16646
16659
16673
16688
16704
16721
16739
16758
16778
16779
16781
16784
16788
16793
16799
16806
16814
16823
16833
16844
16856
16869
16883
16898
16914
16931
16949
16968
16988
16989
16991
16994
16998
17003
17009
17016
17024
17033
17043
17054
17066
17079
17093
17108
17124
17141
17159
17178
17198
17199
17201
17204
17208
17213
17219
17226
17234
17243
17253
17264
17276
17289
17303
17318
17334
17351
17369
18142
18162
18163
18165
18168
18172
18177
18183
18190
18198
18207
18217
18209
18221
18220
18221
18219
18225
18219
18224
18214
18218
18219
18221
18224
18228
18233
18222
18229
18237
18228
18238
18230
18241
18240
18241
18239
18245
18239
18244
18234
18238
18239
18241
18244
18248
18253
18242
18249
18257
18248
18258
18250
18261
18260
18261
18259
18265
18259
18264
18254
18258
18259
18261
18264
18268
18273
18262
18269
18277
18268
18278
18270
16260
16273
16287
16302
16697
16714
16732
16751
16771
16772
16774
16777
16781
16786
16792
16799
16807
16816
16826
16837
16849
16862
16876
16891
16907
16924
16942
16961
16981
16982
16984
16987
16991
16996
17002
17009
17017
17026
17036
17047
17059
17072
17086
17101
17117
17134
17152
17171
17191
17192
17194
17197
17201
17206
17212
17219
17227
17236
17246
17257
17269
17282
17296
17311
17327
17344
17362
17381
17401
17402
17404
17407
17411
17416
17422
17429
17437
17446
17456
17467
17479
17492
17506
17521
17537
17529
17533
17537
17541
17542
17544
17530
17534
17539
17545
17534
17542
17551
17542
17553
17554
17553
17554
17552
17558
17552
17557
17547
17551
17552
17554
17557
17561
17566
17555
17562
17570
17561
17571
17563
17574
17573
17574
17572
17578
17572
17577
17567
17571
17572
17574
17577
17581
17586
17575
17582
17590
17581
17591
17583
16438
16452
16466
16481
16497
16514
16532
16551
16515
16516
16518
16521
16525
16530
16536
16542
16537
16546
16541
16387
16384
16397
16426
16426
16442
16519
16537
16556
16531
16532
16534
16537
16541
16529
16535
16542
16537
16546
16541
16423
16454
16467
16481
16496
16512
16529
16547
16547
16377
16378
16380
16573
16577
16582
16588
16595
16603
16612
16622
16633
16645
16658
16672
16687
16703
16720
16738
16757
16777
16778
16780
16783
16524
16529
16535
16542
16538
16489
16499
16556
16568
16581
16595
16510
16545
16543
16533
16552
16410
16411
16413
16416
16505
16510
16566
16573
16581
16590
16600
16611
16623
16636
16650
16665
16681
16698
16532
16551
16571
16572
16574
16577
16581
16586
16592
16599
16607
16616
16626
16637
16649
16662
16676
16691
16707
16724
16742
16761
16781
16782
16784
16787
16791
16796
16802
16809
16817
16826
16836
16847
16859
16872
16886
16901
16895
16912
17276
17295
17315
17316
17318
17321
17325
17330
17336
17343
17351
17360
17370
17381
17393
17406
17420
17435
17451
17468
17486
17505
17525
17526
17528
17531
17535
17540
17546
17553
17561
17570
17580
17591
17603
17616
17630
17645
17661
17678
17696
17715
17735
17736
17738
17741
17745
17750
17756
17763
17771
17780
17790
17782
17794
17793
17794
17792
17798
17792
17797
17787
17791
17792
17794
17797
17801
17806
17795
17802
17810
17801
17811
17803
16454
16467
16481
16496
16512
16562
16580
16599
16619
16620
16622
16625
16629
16634
16640
16647
16655
16664
16674
16685
16697
16710
16724
16739
16755
16772
16790
16809
16829
16830
16832
16835
16839
16844
16850
16857
16865
16874
16884
16895
16907
16920
16934
16949
16965
16982
17000
17019
17023
17024
17026
17029
17033
17038
17027
17034
17042
17531
17541
17552
17564
17577
17591
17606
17622
17639
17657
17676
17696
17697
17699
17702
17706
17711
17717
17724
17732
17741
17751
17762
17774
17787
17801
17816
17832
17849
17867
17886
17889
17890
17892
17895
17899
17904
17892
17899
17907
17897
17907
17797
17809
17822
17836
17851
17867
17884
17902
17921
17908
17909
17911
17914
17918
17923
17911
17918
17926
17916
17926
17923
17934
17933
17934
17932
17938
17932
17937
17927
17931
17932
17934
17937
17941
17946
17935
17942
17950
17941
17951
17943
17954
17953
17954
17952
17958
17952
16537
16556
16352
16335
16337
16340
16344
16349
17154
17161
17169
17178
17188
17199
16412
16424
16439
16454
16470
16487
16505
16524
16544
16527
16529
16532
16536
16541
16542
16358
16366
16375
16385
16396
16408
16560
16574
16589
16605
16622
16640
16659
16679
16405
16407
16455
16459
16464
16371
16513
16521
16540
16540
16515
16527
16558
16572
16587
16603
16503
16521
16540
16389
16371
16373
16475
16479
16484
16536
16543
16505
16539
16524
16535
16547
16531
16545
16560
16576
16593
16611
16630
16650
16651
16653
16656
16660
16665
16671
16678
16686
16695
16705
16716
16728
16741
16755
16770
16786
16803
16821
16840
16860
16861
16863
16866
16870
16875
16881
16888
16896
16905
16915
16926
16938
16951
16965
16980
16996
17013
17031
17050
17070
17071
17073
17076
17080
17085
17091
17098
17106
17115
17125
17136
17148
17161
17175
17190
17206
17223
17241
17260
17265
17266
17268
17271
17275
17280
17270
17277
17981
17990
18000
18011
18023
18036
18050
18065
18081
18098
18116
18120
18107
18108
18110
18113
18117
18122
18128
18117
18125
18115
18125
18133
18134
18133
18134
18132
18138
18132
18137
18127
18131
18132
18134
18137
18141
18146
18135
18142
18150
18141
18151
18143
18154
18153
18154
18152
18158
18152
18157
18147
18151
18152
18154
18157
18161
18166
18155
18162
18170
18161
18171
18163
16758
16771
16785
16800
16816
16833
16851
16870
16890
16891
16893
16896
16900
16905
16911
16918
16926
16935
16945
16956
16968
16981
16995
17010
17026
17043
17061
17080
17100
17101
17103
17106
17110
17115
17121
17128
17136
17145
17155
17166
17178
17191
17205
17220
17236
17253
17271
17290
17310
17311
17313
17316
17320
17325
17331
17338
17346
17355
17365
17376
17388
17401
17401
18221
18237
18229
18233
18237
18241
18242
18244
18230
18234
18239
18245
18234
18242
18251
18242
18253
17316
17329
17343
17358
17374
17391
17409
17428
18249
18250
18252
18255
18259
18264
18252
18259
18267
18257
18267
18207
18219
18232
18246
18261
18277
18269
18273
18277
18281
18282
18284
18270
18274
18279
18285
18274
18282
18291
18282
18293
17467
17466
17467
17465
17471
17465
17470
17460
17464
17465
17467
17470
17474
17479
17468
17475
17483
17474
17484
17476
17487
17486
17487
17485
17491
17485
17490
17480
17484
17485
17487
17490
17494
17499
17488
17495
17503
17494
17504
17496
16384
16468
16543
16497
16513
16530
16548
16551
16362
16516
16518
16368
16524
16529
16535
16542
16715
16724
16734
16745
16439
16452
16466
16482
16497
16514
16532
16551
16571
16572
16574
16577
16581
16586
16592
16599
16607
16616
16626
16637
16649
16662
16467
16482
16512
16529
16547
16552
16543
16513
16515
16518
16537
16527
16533
16540
16509
16518
16528
16539
16524
16537
16551
16566
16582
16599
16617
16636
16656
16657
16659
16662
16666
16671
16677
16684
16692
16701
16711
16722
16734
16747
16761
16758
16755
17001
17019
17038
17058
17059
17061
17064
17068
17073
17079
17086
17094
17103
17113
17124
17136
17149
17163
17178
17194
17211
17229
17248
17268
17269
17271
17274
17278
17283
17289
17296
17304
17313
17323
17334
17346
17359
17373
17388
17404
17421
17439
17458
17478
17479
17481
17484
17488
17493
17499
17506
17514
17523
17533
17544
17556
17569
17583
17598
17614
17631
17649
17653
17640
17641
17643
17646
17650
17655
17661
17650
17658
17648
17658
17666
17667
17666
17667
17665
17671
17665
17670
17660
17664
17665
17667
17670
17674
17679
17668
17675
17683
17674
17684
17676
17687
17686
17687
17685
17691
17685
17690
17680
17684
17685
17687
17690
17694
17699
17688
17695
17703
17694
17704
17696
17707
17706
17707
17705
17711
17705
17710
17700
17704
17705
17707
17710
17714
17719
17708
17715
17723
17714
17724
17716
17682
17695
17709
17724
17729
17721
17725
17729
17733
17734
17736
17722
17726
17731
17737
17726
17734
17743
17734
17745
16894
16907
16921
16901
16917
17306
17324
17343
17363
17364
17366
17369
17373
17378
17384
17391
17399
17408
17418
17429
17441
17454
17468
17483
17499
17516
17534
17553
17573
17574
17576
17579
17583
17588
17594
17601
17609
17618
17628
17639
17651
17664
17678
17693
17709
17726
17744
17763
17783
17784
17786
17789
17793
17798
17786
17793
17801
17791
17801
17795
17807
17806
17807
17805
17811
17805
17810
17800
17804
17805
17807
17810
17814
17819
17808
17815
17823
17814
17824
17816
17782
17795
17809
17824
17829
17821
17825
17829
17833
17834
17836
17822
17826
17831
17837
17826
17834
17843
17834
17845
17847
17846
17847
17845
17851
17845
17850
17840
17844
17845
17847
17850
17854
17859
16538
16543
16537
16546
16541
16368
16380
16393
16407
16422
16536
16549
16473
16492
16512
16513
16515
16518
16522
16527
16533
16540
16534
16543
16505
16516
16528
16541
16518
16533
16549
16461
16493
16551
16532
16533
16535
16538
16528
16533
16539
16543
16539
16532
16542
16566
16548
16543
16546
16426
16441
16459
16476
16495
16515
16516
16518
16521
16525
16530
16536
16543
16534
16543
16555
16566
16578
16591
16605
16620
16636
16653
16671
16690
16710
16711
16713
16716
16720
16725
16731
9559
13010
15725
15726
9571
9572
14771
16573
16588
16604
16621
16639
16658
16678
16679
16681
16684
16688
16693
16699
16706
16714
16723
16733
16744
16756
16769
16783
16798
16814
16831
16849
16868
16888
16889
16891
16894
16898
16903
16909
16916
16924
16933
16943
16954
16966
16979
16993
17008
17024
17041
17059
17078
17098
17099
17101
17104
17108
17113
17119
17126
17134
17143
17153
17164
17176
17175
17778
17793
17809
17826
17844
17863
17883
17884
17886
17889
17893
17898
17904
17911
17919
17928
17938
17949
17961
17974
17988
18003
18019
18023
18027
18031
18035
18036
18021
18024
18028
18033
18039
18028
18036
18026
18036
18046
18047
18046
18047
18045
18051
18045
18050
18040
18044
18045
18047
18050
18054
18059
18048
18055
18063
18054
18064
18056
16756
16769
16783
16798
16814
16831
16849
16868
16888
16889
16891
16894
16898
9336
9337
9338
10094
10095
10096
10097
10098
12948
16564
16579
16595
16612
16630
16649
16669
16670
16672
16675
16679
16684
16690
16697
16705
16714
16724
16735
16747
16760
16774
16789
16805
16822
16840
16859
16879
16880
16882
16885
16889
16894
16900
16907
16915
16924
16934
16945
16957
16970
16984
16999
17015
17032
17050
17069
17089
17090
17092
17095
17099
17104
17110
17117
17125
17134
17144
17155
17167
17180
17194
17209
17225
17242
17260
17279
17299
17300
17302
17305
17309
17314
17320
17327
17335
17326
17336
18077
18089
18102
18116
18131
18147
18164
18168
18172
18159
18160
18162
18165
18169
18174
18180
18169
18177
18167
18177
18186
18172
18185
18184
18190
18185
18190
18181
18185
18189
18190
18192
18195
18199
18187
18193
18200
18190
18199
18190
18201
18207
18206
18207
18205
18211
18205
18210
18200
18204
18205
18207
18210
18214
18219
18208
18215
18223
18214
18224
18216
18227
18226
18227
18225
18231
18225
18230
18220
18224
18225
18227
18230
16406
16459
16507
16514
16522
16531
16541
16512
16524
16537
16551
16426
16532
16549
16477
16494
16515
16516
16518
16520
16524
16529
16566
16573
16581
16590
16600
16611
16679
16692
16706
16721
16737
16754
16772
16522
16542
16204
16534
16537
16539
16529
16535
16542
16218
16657
16667
16678
16690
16703
16717
16732
16748
16765
16783
16802
16822
16823
16825
16828
16832
16837
16843
16850
16858
16867
16877
16888
16900
16913
16927
16942
16958
16975
16993
17012
17032
17033
17035
17038
17042
17047
17053
17060
17068
17077
17087
17098
17110
17123
17137
17152
17168
17185
17203
17222
17242
17243
17245
17248
17252
17257
17263
17270
17278
17287
17297
17308
17320
17333
17347
17362
17378
17395
17413
17432
17452
17453
17455
17458
17462
17467
17473
17480
17488
17497
17507
17518
17530
17537
17536
17542
17537
17542
17533
17537
17541
17542
17544
17547
17551
17539
17545
17552
17542
17551
17542
17553
17407
17420
17434
17449
17465
17482
17500
17519
17539
17540
17542
17545
17549
17554
17560
17567
17575
17565
17575
17568
17580
17579
17580
17578
17584
17578
17583
17573
17577
17578
17580
17583
17587
17592
17581
17588
17596
17587
17597
17589
17600
17599
17600
17598
17604
17598
17603
17593
17597
17598
17600
17603
17607
17612
17601
17608
17616
17607
17617
17609
16627
16640
16654
16669
16685
16702
16720
16739
16759
16760
16762
16765
16769
16774
16780
16787
16795
16804
16810
16722
16734
16747
16761
16776
16792
16809
17163
17182
17202
17203
17205
17208
17212
17217
17223
17230
17238
17247
17257
17268
17280
17293
17307
17322
17338
17355
17373
17392
17412
17413
17415
17418
17422
17427
17433
17440
17448
17457
17467
17478
17490
17503
17517
17532
17548
17565
17583
17602
17622
17623
17625
17628
17632
17637
17643
17650
17658
17667
17677
17688
17700
17699
17700
17698
17704
17698
17703
17693
17697
17698
17700
17703
17707
17712
17701
17708
17716
17707
17717
17709
17642
17655
17669
17684
17700
17717
17721
17725
17712
17713
17715
17718
17722
17727
17733
17722
17730
17720
17730
17739
17740
17739
17740
17738
17744
17738
17743
17733
17737
17738
17740
17743
17747
17752
17741
17748
17756
17747
17757
17749
17760
17759
17760
17758
17764
17758
17763
17753
17757
17758
17760
17763
16524
16529
16535
16542
16531
16540
16540
16423
16543
16466
16464
16495
16511
16528
16546
16552
16531
16550
16552
16555
16559
16564
16570
16577
16585
16594
16604
16615
16627
16640
16654
16497
16513
16548
16549
16551
16552
16516
16518
16521
16525
16530
16536
16543
16536
16545
16541
16512
16524
16537
16551
16566
16582
16599
16617
16636
16516
16517
16519
16522
16526
16530
16536
16543
16532
16540
16541
16089
16090
16091
12869
15153
16512
16529
16547
15471
13694
11436
16558
16561
16565
16570
16576
16583
16591
16600
16610
16621
16633
16646
16660
16675
16691
16708
16726
16745
16765
16766
16768
16771
16775
16780
16786
16793
16801
16810
16820
16831
16843
16856
16870
16885
16901
16918
16936
16955
16975
16976
16978
16981
16985
16990
16996
17003
17011
17020
17030
17041
17053
17066
17073
17562
17578
17595
17613
17632
17652
17653
17655
17658
17662
17667
17673
17680
17688
17697
17707
17718
17730
17743
17757
17772
17788
17805
17823
17842
17862
17863
17865
17868
17872
17877
17883
17890
17898
17907
17917
17928
17940
17939
17940
17938
17944
17938
17943
17933
17937
17938
17940
17943
17947
17952
17941
17948
17956
17947
17957
17949
17905
17918
17932
17947
17963
17955
17959
17963
17967
17968
17970
17956
17960
17965
17971
17960
17968
17977
17968
17979
17980
17979
17980
17978
17984
17978
17983
16509
16546
16530
16532
16535
16539
16542
16358
17180
17188
17197
17207
17218
17230
17243
17257
17272
17288
17305
17323
17342
17362
17363
17365
17368
17372
17377
17383
17390
17398
17407
17417
17428
17440
17453
17467
17482
17498
17515
17533
17552
17572
17573
17575
17578
17582
17587
17593
17600
17608
17617
17627
17638
17650
17663
17677
17692
17708
17725
17743
17762
17782
17783
17785
17788
17792
17797
17803
17810
17818
17827
17837
17848
17860
17873
17887
17902
17918
17935
17953
17972
17992
17993
17995
17998
18002
18007
18013
18020
18028
18037
18047
18058
18070
18077
18076
18082
18077
18082
18073
18077
18081
18082
18084
18087
18091
18079
18085
18092
18082
18091
18082
18093
18100
18099
18100
18098
18104
18098
18103
18093
18097
18098
18100
18103
18107
18112
18101
18108
18116
18107
18117
18109
18120
18119
18120
18118
18124
18118
18123
18113
18117
18118
18120
18123
18127
18132
18121
18128
18136
18127
18137
18129
16578
16591
16605
16620
16636
16653
16671
16690
16710
16711
16713
16716
16720
16725
16731
16510
16512
16514
16524
16542
16547
16542
16547
16550
16528
16545
16548
16534
16554
16518
16520
16523
16527
16532
16538
16544
16537
16540
16543
16546
16539
16541
16543
16545
16561
16578
16596
16615
16635
16636
16638
16641
16645
16650
16656
16663
16671
16680
16690
16701
16713
16726
16740
16755
16771
16788
16806
16825
16845
16846
16848
16851
16855
16860
16866
16873
16881
16890
16900
16911
16923
16936
16950
16965
16981
16998
17016
17035
17055
17056
17058
17061
17065
17070
17076
17083
17091
17100
17110
17121
17133
17146
17160
17175
17191
17208
17226
17245
17265
17266
17268
17271
17275
17280
17286
17293
17301
17310
17320
17331
17343
17356
17370
17385
17401
17418
17436
17426
18254
18255
18257
18260
18264
18269
18257
18264
18272
18262
18272
17080
17092
17105
17119
17134
17150
17167
17185
17204
17224
17225
17227
17230
17234
17239
17245
17252
17260
17269
17279
17290
17302
17315
17329
17344
17360
17377
17395
17414
17434
17435
17437
17440
17444
17449
17455
17462
17470
17479
17489
17481
17493
17492
17493
17491
17497
17491
17496
17486
17490
17491
17493
17496
17500
17505
17494
17501
17509
17500
17510
17502
17447
17460
17474
16516
16532
16549
16567
16586
16606
16607
16609
16612
16616
16621
16627
16634
16413
16422
16432
16443
16455
16468
16482
16497
16513
16533
16548
16556
16576
16577
16579
16582
16586
16591
16597
16604
16612
16621
16631
16642
16654
16667
16681
16696
16712
16729
16723
16924
16944
16945
16947
16950
16954
16959
16965
16972
16980
16989
16999
17010
17022
17035
17049
17064
17080
17097
17115
17134
17154
17155
17157
17160
17164
17169
17175
17182
17190
17199
17209
17220
17232
17245
17259
17274
17290
17307
17325
17344
17364
17365
17367
17370
17374
17379
17385
17392
17400
17409
17419
17430
17442
17455
17469
17484
17500
17517
17535
17554
17574
17575
17577
17580
17584
17589
17595
17602
17610
17619
17629
17621
17633
17632
17633
17631
17637
17631
17636
17626
17630
17631
17633
17636
17640
17645
17634
17641
17649
17640
17650
17642
17653
17652
17653
17651
17657
17651
17656
17646
17650
17651
17653
17656
17660
17665
17654
17661
17669
17660
17670
17662
16439
16452
16466
16509
16497
16514
16532
16551
16544
16513
16515
16518
16522
16536
16536
16542
16532
16540
16541
16531
16543
16537
16551
16530
16546
16459
16476
16495
16515
16516
16518
16521
16525
16530
16536
16543
16537
16546
16541
16532
16544
16542
16541
16552
16532
16549
16567
16586
16606
16607
16609
16612
16616
16621
16627
16634
16642
16651
16661
16672
16684
16697
16711
16726
16742
16759
16777
16796
16816
16817
16819
16822
16826
16831
16837
16844
16852
16861
16871
16882
16894
16907
16921
16917
16930
16931
17330
17349
17369
17370
17372
17375
17379
17384
17390
17397
17405
17414
17424
17435
17447
17460
17474
17489
17505
17522
17540
17559
17579
17580
17582
17585
17589
17594
17600
17607
17615
17624
17634
17645
17657
17670
17684
17699
17715
17732
17750
17769
17789
17790
17792
17795
17799
17804
17792
17799
17807
17797
17807
17801
17813
17812
17813
17811
17817
17811
17816
17806
17810
17811
17813
17816
17820
17825
17814
17821
17829
17820
17830
17822
17833
17832
17833
17831
17837
17831
17836
17826
17830
17831
17833
17836
17840
17845
17834
17841
17849
17840
17850
17842
17853
17852
17853
17851
17857
17851
17856
17846
17850
17851
17853
17856
17860
17865
17854
17861
17869
17860
17870
17862
17873
17872
17873
17871
17877
17871
17876
17866
17870
17871
17873
17876
17880
17885
17874
17881
17889
17880
17890
17882
17675
17688
17702
17717
17733
17750
17768
17787
17807
17808
17810
17813
17817
17822
16537
16544
16343
16554
16564
16575
16587
16600
16614
16629
16645
16662
16680
16699
16719
16720
16722
16725
16729
16734
16740
16747
16755
16764
16774
16785
16797
16810
16824
16839
16855
16872
16890
16909
16929
16930
16932
16935
16939
16944
16950
16957
16965
16974
16984
16995
17007
17020
17034
17049
17065
17082
17100
17119
17684
17685
17687
17690
17694
17699
17705
17712
17720
17729
17739
17750
17762
17775
17789
17804
17820
17837
17855
17874
17894
17895
17897
17900
17904
17909
17915
17922
17930
17939
17949
17960
17972
17985
17991
17987
17992
17997
17988
17992
17996
17997
17999
18002
17989
17994
18000
18007
17997
18006
17997
18008
18013
18012
18013
18011
18017
18011
18016
18006
18010
18011
18013
18016
18020
18025
18014
18021
18029
18020
18030
18022
18033
18032
18033
18031
18037
18031
18036
18026
18030
16502
16504
16507
16511
16516
16522
16529
16537
16546
16543
16540
16521
16534
16548
16546
16544
16542
16550
16556
16544
16530
16532
16535
16539
17247
17253
17260
17268
17277
17287
17298
17310
17323
17337
17352
17368
17385
17403
17422
17442
17443
17445
17448
17452
17457
17463
17470
16480
16489
16499
16510
16522
16535
16549
16463
16465
16467
16469
16471
16491
16474
16476
16479
16482
16506
16512
16519
16527
16554
16564
16575
16587
16600
16614
16629
16645
16662
16680
16699
16719
16720
16722
16725
16729
16734
16740
16747
16755
16764
16774
16785
16797
16810
16824
16839
16855
16872
16890
16909
16929
16930
16932
16935
16939
16944
16950
16957
16965
16974
16984
16995
17007
17020
17034
17049
17065
17082
17100
17119
17139
17140
17142
17145
17149
17154
17160
17167
17175
17184
17194
17205
17217
17230
17244
17259
17275
17292
17310
17329
17349
17350
17352
17355
17321
17326
17332
17339
17347
17356
17364
18160
18172
18185
18191
18187
18192
18197
18188
18192
18196
18197
18199
18202
18189
18194
18200
18207
18197
18206
18197
18208
18185
18198
18212
18208
18213
18218
18209
18213
18217
18218
18220
18223
18210
18215
18221
18228
18218
18227
18218
18229
16618
16631
16645
16660
16676
16693
16711
16730
15990
16487
16489
16492
16456
16501
16507
16514
16522
16531
16541
16512
16543
16537
16551
16260
16562
16579
16597
16586
16606
16607
16609
16610
16703
16708
16714
16721
16729
16738
16748
16759
16771
16784
16798
16813
16829
16846
16864
16883
16903
16904
16906
16909
16913
16918
16924
16931
16939
16948
16958
16969
16981
16994
17008
17023
17039
17056
17074
17093
17113
17114
17116
17119
17123
17128
17134
17141
17149
17158
17168
17179
17191
17204
17218
17233
17249
17266
17284
17303
17323
17324
17326
17329
17333
17338
17344
17351
17359
17368
17378
17389
17401
17414
17428
17443
17459
17476
17494
17513
17500
17501
17503
17506
17510
17515
17503
17510
17518
17508
17518
17469
17481
17494
17508
17523
17528
17520
17524
17528
17532
17533
17535
17521
17525
17530
17536
17525
17533
17542
17533
17544
17546
17545
17546
17544
17550
17544
17549
17539
17543
17544
17546
17549
17553
17558
17547
17554
17562
17553
17563
17555
17566
17565
17566
17564
17570
16514
16532
16551
16541
16372
16374
16560
16564
16569
16575
16582
16590
16599
16609
16620
16632
16645
16659
16674
16690
16707
16725
16556
16396
16397
16532
16535
16539
16526
16535
16542
16537
16546
16556
16567
16579
16592
16606
16621
16637
16654
16672
16551
16532
16533
16535
16538
16381
16530
16507
16542
16522
16531
16541
16437
16543
16462
16541
16566
16582
16599
16617
16636
16656
16657
16659
16662
16666
16386
16392
16399
16407
16554
16564
16575
16587
16600
16476
16491
16507
16524
16542
16556
16544
16518
16520
16523
16527
16532
16538
16855
16863
16872
16882
16893
16905
16918
16932
16947
16963
16980
16998
17017
17037
17038
17040
17043
17047
17052
17058
17065
17073
17082
17092
17103
17115
17128
17142
17157
17173
17190
17208
17227
17247
17248
17250
17253
17257
17262
17268
17275
17283
17292
17302
17313
17325
17338
17352
17367
17383
17400
17418
17437
17457
17458
17460
17463
17467
17472
17478
17485
17493
17502
17512
17523
17535
17548
17562
17577
17593
17610
17628
17647
17667
17668
17670
17673
17677
17682
17688
17695
17703
17712
17722
17733
17745
17746
17747
17745
17740
17745
17750
17740
17744
17745
17747
17750
17754
17759
17748
17755
17745
17754
17764
17756
16649
16662
16676
16691
16707
16724
16742
16761
16781
16782
16784
16787
16791
16796
16802
16809
16817
16826
16836
16847
16859
16872
16886
16901
16917
16934
15360
15361
13891
13892
13893
14030
13300
14030
15524
12921
14031
17007
17017
17028
17040
17053
17067
17082
17098
17115
17133
17152
17172
17173
17175
17178
17182
17187
17193
17200
17208
17217
17227
17238
17250
17263
17277
17292
17308
17325
17343
17362
17382
17383
17385
17388
17392
17397
17403
17410
17418
17427
17437
17448
17460
17473
17487
17502
17518
17535
17553
17572
17592
17593
17595
17598
17602
17607
17613
17620
17628
17637
17647
17658
17670
17683
17697
17712
17728
17745
17763
17782
17802
17803
17805
17808
17812
17817
17823
17830
17838
17847
17857
17868
17880
17882
17881
17887
17882
17887
17892
17882
17886
17887
17889
17892
17896
17884
17890
17897
17887
17896
17887
17898
17906
17905
17906
17904
17910
17904
17909
17899
17903
17904
17906
17909
17913
17918
17907
17914
17922
17913
17923
17915
17926
16452
16466
16481
16536
16514
16532
16551
16571
16572
16574
16577
16581
16535
16541
16540
16537
16554
16564
16575
16587
16600
16614
16629
16645
16662
16680
16496
16516
16517
16519
16522
16526
16535
16537
16544
16537
16546
16556
16567
16579
16592
16606
16621
16637
16654
16482
16501
16521
16522
16524
16527
16531
16536
16542
16350
16358
16367
16377
16388
16545
16413
16427
16442
16458
16475
16563
16582
16602
16603
16605
16608
16612
16617
16623
16630
16638
16647
16657
16668
16680
16693
16707
16722
16738
16755
16773
16792
16812
16813
16815
16818
16822
16827
16833
16840
16848
16857
16867
16878
16890
16903
16917
16932
16948
16965
16983
17002
17022
17023
17025
17028
17032
17037
17043
17050
17058
17067
17077
17088
17100
17113
17127
17142
17158
17175
17193
17212
17216
17217
17219
17222
17226
17231
17220
17227
17235
17226
17236
17918
17930
17943
17957
17972
17988
18005
18023
18042
18062
18063
18065
18068
18072
18077
18065
18072
18080
18070
18080
18074
18086
18085
18086
18084
18090
18084
18089
18079
18083
18084
18086
18089
18093
18098
18087
18094
18102
18093
18103
18095
18078
18091
18105
18103
18108
18111
18104
18108
18112
18113
18115
18117
18105
18110
18116
18121
18113
18122
18113
18124
18126
18125
18126
18124
18130
18124
18129
18119
18123
18124
18126
18129
18133
18138
18127
18134
18142
18133
18143
18135
18146
18145
18146
18144
18150
18144
18149
18139
18143
18144
18146
18149
18153
18158
18147
18154
18162
18153
18163
18155
18166
18165
18166
18164
18170
18164
18169
18159
18163
18164
18166
18169
18173
18178
18167
18174
18182
18173
18183
18175
16705
16718
16732
16747
16763
16780
16798
16817
16837
16838
16840
16843
16847
16852
16858
16865
16873
16882
16892
16903
16915
16928
16942
16957
16973
16990
17008
17027
17047
17048
17050
17053
17057
17062
17068
17075
17083
17092
17102
17113
17125
17138
17152
17167
17183
17200
17218
17237
17257
17258
17260
17263
17267
17272
17278
17285
17293
17302
17312
17323
17335
17348
17362
17377
17393
17410
17425
17404
17424
17425
17427
17430
18254
18259
18248
18255
18245
18254
18264
18256
18266
18265
18266
18264
18270
18264
18269
18259
18263
18264
18266
18269
18273
18278
18267
18274
18282
18273
18283
18275
18286
18285
18286
18284
18290
18284
18289
18279
18283
18284
18286
18289
18293
18298
18287
18294
18302
18293
18303
18295
16083
16096
16110
16125
16582
16599
16617
16636
16377
16378
16380
16383
16524
16529
16535
16542
16396
16405
16415
16426
16438
16451
16465
16480
16513
16513
16548
16550
16425
16513
16515
16518
16522
16527
16535
16540
16531
16540
16499
16510
16522
16535
16549
16545
16497
16578
16596
16615
16635
16636
16638
16641
16525
16530
16536
16543
16536
16545
16541
16548
16543
16537
16551
16566
16582
16599
16617
16636
16656
16657
16659
16662
16666
16671
16677
16684
16692
16701
16711
16722
16568
16581
16595
16610
16626
16643
16661
16680
16700
16701
16703
16706
16710
16715
16721
16728
16736
16745
16732
16743
16964
16977
16991
17006
17022
17039
17057
17076
17096
17097
17099
17102
17106
17111
17117
17124
17132
17141
17151
17162
17174
17187
17201
17216
17232
17249
17267
17286
17306
17307
17309
17312
17316
17321
17327
17334
17342
17351
17361
17372
17384
17397
17411
17426
17442
17459
17477
17496
17516
17517
17519
17522
17526
17531
17537
17544
17552
17561
17571
17582
17594
17607
17621
17636
17641
17633
17637
17641
17645
17646
17648
17634
17638
17643
17649
17638
17646
17655
17646
17657
17659
17658
17659
17657
17663
17657
17662
17652
17656
17657
17659
17662
17666
17671
17660
17667
17675
17666
17676
17668
17679
17678
17679
17677
17683
17677
17682
17672
17676
17677
17679
17682
17686
17691
17680
17687
17695
17686
17696
17688
16383
16558
16572
16587
16603
16620
16638
16657
16677
16678
16680
16683
16687
16692
16698
16705
16713
16722
16732
16743
16755
16768
16782
16797
16813
16830
16848
16867
16887
16888
16890
16893
16897
16902
16895
16902
17251
17260
17270
17281
17293
17306
17320
17335
17351
17368
17386
17405
17425
17426
17428
17431
17435
17440
17446
17453
17461
17470
17480
17491
17503
17516
17530
17545
17561
17578
17596
17615
17635
17636
17638
17641
17645
17650
17656
17663
17671
17680
17690
17701
17713
17726
17740
17755
17771
17775
17779
17783
17787
17788
17773
17776
17780
17785
17791
17780
17788
17778
17788
17798
17799
17798
17799
17797
17803
17797
17802
17792
17796
17797
17799
17802
17806
17811
17800
17807
17815
17806
17816
17808
17819
17818
17819
17817
17823
17817
17822
17812
17816
17817
17819
17822
17826
17831
17820
17827
17835
17826
17836
17828
17839
17838
17839
17837
17843
17837
17842
17832
17836
17837
17839
16537
16522
16527
16536
16540
16536
16545
16541
16507
16519
16562
16576
16591
16607
16624
16642
16661
16681
16682
16684
16687
16691
16696
16702
16709
16526
16535
16545
16541
16520
16533
16547
16525
16541
16422
16548
16550
16495
16496
16498
16501
16505
16510
16516
16523
16531
17100
17110
17121
17133
17146
17160
17175
17191
17208
17226
17245
17265
17266
17268
17271
17275
17280
17286
17293
17301
17310
17320
17331
17343
17356
17370
17385
17401
17418
17436
17455
17475
17476
17478
17481
17485
17490
17496
17503
17511
17520
17530
17541
17553
17566
17580
17595
17611
17628
17646
17665
17685
17686
17688
17691
17695
17700
17706
17713
17721
17730
17740
17751
17763
17776
17790
17805
17821
17838
17856
17875
17895
17896
17898
17901
17905
17910
17916
17923
17931
17940
17950
17961
17973
17975
17974
17980
17975
17980
17985
17975
17979
17980
17982
17985
17989
17977
17983
17990
17980
17989
17980
17991
16879
16892
16906
16921
16937
16954
16972
16991
17011
17012
17014
17017
17021
17026
17032
17039
17047
17056
17066
17077
17089
17102
17116
17131
17147
17164
17182
17199
17808
17809
17811
17814
17818
17823
17829
17836
17844
17853
17863
17874
17886
17899
17913
17928
17944
17961
17979
17998
18018
18019
16533
16536
16540
16534
17236
16522
16530
16539
16520
16531
16543
16558
16572
16587
16603
16620
16638
16657
16677
16678
16680
13492
15710
12487
14135
13766
17256
17265
17275
17286
17298
17311
17325
17340
17356
17373
17391
17410
17430
17431
17433
17436
17440
17445
17451
17458
17466
17475
17485
17496
17508
17521
17535
17550
17566
17583
17601
17620
17640
17641
17643
17646
17650
17655
17661
17668
17676
17685
17695
17706
17718
17731
17745
17760
17776
17793
17811
17830
17850
17851
17853
17856
17860
17865
17871
17878
17886
17895
17905
17916
17928
17941
17955
17970
17986
18003
18021
18040
18060
18061
18063
18066
18070
18075
18081
18088
18096
18105
18115
18126
18138
18151
18157
18153
18158
18163
18154
18158
18162
18163
18165
18168
18155
18160
18166
18173
18163
18172
18163
18174
18179
18178
18179
18177
18183
18177
18182
18172
18176
18177
18179
18182
18186
18191
18180
18187
18195
18186
18196
18188
18199
18198
18199
18197
18203
18197
18202
18192
18196
18197
18199
18202
18206
18211
18200
18207
18215
18206
18216
18208
15798
15811
15825
15840
15860
15847
15865
15884
15904
15905
15933
15936
15940
15940
16257
15958
16312
16321
16331
16342
16354
16367
16381
16396
16412
16429
16447
16466
16486
16487
16449
16551
16555
16560
16566
16573
16581
16590
16600
16660
16672
16685
16699
16714
16730
16747
16765
16784
16804
16805
16243
16246
16250
16255
16535
16542
16276
16285
16295
16306
16318
16331
16345
16360
16376
16393
16411
16430
16450
16550
16552
16555
16559
16564
16570
16577
16585
16594
16604
16615
16627
16640
16809
16824
16840
16857
16875
16894
16914
16915
16917
16920
16924
16929
16935
16942
16950
16959
16969
16980
16992
17005
17019
17034
17050
17067
17085
17104
17124
17125
17127
17130
17134
17139
17145
17152
17160
17169
17179
17190
17202
17215
17229
17244
17260
17277
17295
17314
17334
17335
17337
17340
17344
17349
17355
17362
17370
17379
17389
17400
17412
17425
17439
17454
17470
17487
17505
17524
17527
17528
17530
17533
17537
17542
17530
17537
17545
17535
17545
17540
17552
17551
17552
17550
17556
17550
17555
17545
17549
17550
17552
17555
17559
17564
17553
17560
17568
17559
17569
17561
17566
17568
17567
17573
17568
17573
17578
17568
17572
17573
17575
17578
17582
17570
17576
17583
17573
17582
17573
17584
16826
16839
16853
16868
16884
16514
16532
16551
16514
16515
16517
16520
16524
16529
16535
16542
16537
16541
16556
16423
16579
16592
16606
16621
16637
16654
16672
16691
16711
16712
16714
16717
16721
16726
16732
16739
16747
16756
16766
16777
16789
16802
16796
16797
17065
17082
17100
17119
17139
17140
17142
17145
17149
17154
17160
17167
17175
17184
17194
17205
17217
17230
17244
17259
17275
17292
17310
17329
17349
17350
17352
17355
17359
17364
17370
17377
17385
17394
17404
17415
17427
17440
17454
17469
17485
17502
17520
17539
17559
17560
17562
17565
17569
17574
17580
17587
17595
17604
17614
17625
17637
17650
17664
17679
17695
17687
17691
17695
17699
17700
17702
17688
17692
17697
17703
17692
17700
17709
17700
17711
17711
17712
17713
17711
17706
17711
17716
17706
17710
17711
17713
17716
17720
17725
17714
17721
17711
17720
17730
17722
17732
17731
17732
17730
17736
17730
17735
17725
17729
17730
17732
17735
17739
17744
17733
17740
17748
17739
17749
17741
16439
16452
16466
16482
16497
16514
16532
16551
16515
16532
16534
16537
16541
16530
16536
16543
16537
16546
16541
16548
16545
16452
16466
16482
16532
16549
16548
16551
16516
16517
16519
16522
16526
16531
16537
16544
16537
16554
16564
16575
16587
16600
16614
16629
16645
16662
16532
16551
16531
16532
16534
16537
16541
16528
16536
16542
16536
16545
16555
16566
16578
16591
16605
16620
16636
16653
16671
16690
16710
16711
16713
16716
16720
16725
16731
16738
16746
16755
16765
16776
16788
16801
16815
16830
16846
16863
16881
16900
16920
16921
16923
16926
16930
16935
16941
16948
16956
16965
16975
16986
16998
17011
17025
17022
17494
17511
17529
17548
17568
17569
17571
17574
17578
17583
17589
17596
17604
17613
17623
17634
17646
17659
17673
17688
17704
17721
17739
17758
17778
17779
17781
17784
17788
17793
17799
17806
17814
17823
17833
17844
17856
17869
17883
17888
17893
17885
17889
17893
17897
17898
17900
17903
17890
17895
17901
17890
17898
17907
17898
17909
17667
17680
17694
17709
17725
17742
17760
17779
17799
17800
17802
17805
17809
17814
17820
17827
17835
17844
17854
17865
17877
17890
17904
17919
17935
17927
17931
17935
17939
17940
17942
17928
17932
17937
17943
17932
17940
17949
17940
17951
17952
17951
17952
17950
17956
17950
17955
17945
17949
17950
17952
17955
17959
17964
17953
17960
17968
17959
17969
17961
13348
16423
16437
16453
16469
16487
16504
16523
16576
16577
16579
16582
16586
16591
16597
16604
16612
16621
16631
16642
16654
16667
16681
16696
16712
16729
16747
16766
16786
16787
16789
16792
16796
16801
16807
16814
16822
16831
16841
16852
16864
16877
16891
16906
16922
16939
16957
16976
16996
16997
16999
17002
17006
17011
17017
17024
17032
17041
17051
17062
17074
17087
17101
17116
17132
17149
17167
17186
17206
17207
17209
17212
17216
17218
17196
17203
17211
17220
17876
17887
17899
17912
17926
17941
17957
17974
17992
18011
18031
18032
18034
18037
18041
18046
18052
18059
18067
18057
18067
18060
18072
18071
18072
18070
18076
18070
18075
18065
18069
18070
18072
18075
18079
18084
18073
18080
18088
18079
18089
18081
18092
18091
18092
18090
18096
18090
18095
18085
18089
18090
18092
18095
18099
18104
18093
18100
18108
18099
18109
18101
18112
18111
18112
18110
18116
18110
18115
18105
18109
16515
16517
16520
16524
16529
16535
16542
16532
17324
16532
16543
16525
16538
16528
16543
16549
16543
16548
16553
16542
16526
16528
16531
16535
16540
16509
16516
16524
16533
16543
15166
15167
14982
14986
14369
14370
14988
14989
13510
14636
14636
14350
14351
14792
14793
14354
14355
15126
16554
16564
16575
16587
16600
16614
16629
16645
16662
16680
16699
16719
16720
14293
14295
14296
13357
13735
13748
13739
14746
14830
16566
16578
16591
16605
16620
16636
16653
16671
16690
16710
16711
16713
16716
16720
16725
16731
16738
16746
16755
16765
16776
16788
16801
16815
16830
16846
16863
16881
16900
16920
16921
16923
16926
16930
16935
16941
16948
16956
16965
16975
16986
16998
17011
17025
17040
17056
17073
17091
17110
17130
17131
17133
17136
17140
17145
17151
17158
17166
17175
17185
17196
17208
17221
17235
17250
17266
17283
17301
17320
17340
17341
17343
17346
17350
17355
17361
17368
17376
17385
17395
17406
17418
17431
17445
18267
18272
18277
18268
18272
18276
18277
18279
18282
18269
18274
18280
18287
18277
18286
18277
18288
17254
17267
17281
17296
17312
17329
17347
17366
17386
17387
17389
17392
17396
17401
17407
17414
17422
17431
17441
17452
17464
17477
17483
17479
17484
14296
13370
14815
15426
14827
16557
16560
16564
16569
16575
16582
16590
16599
16609
16620
16632
13386
13379
14317
13390
15443
14314
14744
15792
16621
16623
16626
16630
16635
16641
16648
16656
15425
15404
15763
15764
15209
14336
16576
16592
16609
16627
16646
16666
16667
16669
16672
16676
16681
16687
16694
16702
16711
16711
16717
16897
16910
16924
16939
16955
16972
16990
17009
17029
17030
17032
17035
17039
17044
17050
17057
17065
17074
17084
17095
17107
17120
17134
17149
17165
17182
17200
17219
17239
17240
17242
17245
17249
17254
17260
17267
17275
17284
17294
17305
17317
17330
17344
17359
17375
17392
17410
17429
17449
17450
17452
17455
17459
17464
17470
17477
17485
17494
17504
17515
17527
17540
17554
17569
17585
17602
17606
17610
17597
17598
17600
17603
17607
17612
17618
17607
17615
17605
17615
17624
17547
17560
17574
17589
17605
17622
17626
17630
17617
17618
17620
17623
17627
17632
17638
17627
17635
17625
17635
17634
16665
13900
16482
16516
16532
16549
16548
16550
16515
16516
16518
16521
16525
16530
16536
16543
16537
16546
16541
16541
16544
15774
15775
14696
13955
13970
14660
14693
14694
14695
14664
14665
14666
14661
13950
14662
13635
14664
14665
15030
13934
13935
13624
16560
16576
16593
16611
16630
16650
16651
16653
16656
15032
15034
15035
15072
15073
15064
15044
15043
15050
15054
15054
13584
13584
13584
13587
13589
13593
13594
16590
16593
16597
13587
13588
13589
13590
13591
13592
13594
13600
16600
16614
16629
16645
16662
16680
16699
16719
16720
16722
16725
16729
16734
16740
16747
16755
16764
16774
16785
16797
16810
16824
16839
16855
16872
16890
16909
16921
16922
16924
16927
16930
16926
16932
16927
17315
17324
17334
17345
17357
17370
17384
17399
17415
17432
17450
17469
17489
17490
17492
17495
17499
17504
17510
17517
17525
17534
17544
17555
17567
17580
17594
17609
17625
17642
17660
17679
17699
17700
17702
17705
17709
17714
17720
17727
17735
17744
17754
17765
17777
17790
17804
17800
17805
17810
17801
17805
17809
17810
17812
17815
17802
17807
17813
17820
17810
17819
17810
17821
17825
17824
17825
17823
17829
17823
17828
17818
17822
17823
17825
17828
17832
17837
17826
17833
17841
17832
17842
17834
17845
17844
17845
17843
17849
17843
17848
17838
17842
17843
17845
17848
17852
17857
17846
17853
17861
17852
17862
17854
17865
17864
17865
17863
17869
17863
17868
17858
17862
17863
17865
17868
17872
17877
17866
17873
17881
17872
17882
17874
16797
16810
16824
16839
16855
16872
16890
16909
16929
16930
16932
16935
16939
16944
16950
16957
16965
16974
16984
16995
17007
17020
17034
17049
17065
17082
17608
17627
17647
17648
17650
17653
17657
17662
17668
17675
17683
17692
17702
17713
17725
17738
17752
17767
17783
17800
17818
17837
17857
17858
17860
17863
17867
17872
17878
17885
17893
17902
17912
17923
17935
17942
17941
17947
17942
17947
17938
17942
17946
17947
17949
17952
17956
17944
17950
17957
17947
17956
17947
17958
17944
17957
17963
17959
17964
17969
17960
17964
17968
17969
17971
17974
17961
17966
17972
17979
17969
17978
17969
17980
17984
17985
17986
17984
17979
17984
17989
17979
17983
17984
17986
17989
17993
17998
17987
17994
17984
17993
18003
17995
18005
18004
18005
18003
18009
18003
18008
17998
18002
18003
18005
18008
18012
18017
18006
18013
18021
18012
18022
16533
16545
16537
16544
16487
16503
16519
16538
16556
16543
16536
16538
16522
16536
16531
16537
16544
16529
16538
16521
16532
16544
16542
16540
16574
16590
16607
16625
16644
16664
16665
16667
16118
16119
15006
15007
15008
16123
16124
16125
13967
14682
14683
15030
14685
16193
16196
16362
16197
16611
16612
16351
16352
16192
14670
16632
16639
16647
16656
16666
16677
16689
16702
16716
16731
16747
16764
16782
16801
16821
16822
16824
16827
16831
16836
16842
16849
16857
16866
16876
16887
16899
16912
16926
16941
16957
16974
16992
17011
17031
17032
17034
17037
17041
17046
17052
17059
17067
17076
17086
17097
17109
17122
17136
17151
17167
17184
17202
17221
17241
17242
17244
17247
17251
17256
17262
17269
17277
17286
17296
17307
17318
17311
17319
18051
18067
18084
18102
18121
18141
18142
18144
18147
18151
18156
18144
18151
18159
18149
18159
18150
18162
18166
18167
18165
18160
18165
18170
18160
18164
18165
18167
18170
18174
18162
18168
18175
18165
18174
18165
18176
18130
18143
18157
18172
18188
18180
18184
18188
18192
18193
18195
18181
18185
18190
18196
18185
18193
18202
18193
18204
18169
18182
18196
18201
18206
18198
18202
18206
18210
18211
18213
18216
18203
18208
18214
18203
18211
18220
18211
18222
18225
18224
18225
18223
18229
18223
18228
18218
18222
18223
18225
18228
18232
18237
18226
18233
18241
18232
18242
18234
16587
16668
16682
16697
16713
16730
16748
16767
16787
16788
16790
16793
16797
16802
16808
16815
16823
16832
16842
16853
16865
16878
16892
16907
16923
16940
16958
16977
16997
16998
17000
17003
17007
17012
17018
17025
17033
17042
17052
17063
17075
17088
17102
17117
17133
17150
17168
17187
17207
17208
17210
17213
17217
17222
17228
17235
17243
17252
17262
17273
17285
17298
17312
17327
17343
17360
17378
17397
17417
17418
17420
17423
17427
17432
17438
17445
17453
17462
17472
17483
17495
17499
17500
17498
17493
17498
17503
17493
17497
17498
17500
17503
17507
17495
17501
17508
17498
17507
17498
17509
17518
17517
17518
17516
17522
17516
17521
17511
17515
17516
17518
17521
17525
17530
17519
17526
17534
17525
17535
17527
17538
17537
17538
17536
17542
17536
17541
17531
17535
17536
17538
17541
17545
17550
17539
17546
17554
17545
17555
17547
16384
16397
16411
16426
16442
16459
16476
16351
16515
16516
16518
16520
16524
16529
16535
16542
16537
16546
16556
16567
16579
16592
16606
16621
16637
16654
16672
16691
16711
16712
16517
16520
16524
16529
16535
16542
16537
16546
16541
16427
16439
16452
16466
16481
16497
16514
16532
16551
16552
16532
16534
16537
16541
16542
16535
16542
16532
16554
16564
16575
16587
16600
16614
16629
16645
16662
16680
16699
16719
16720
16722
16725
16729
16734
16740
16747
16755
16764
16774
16785
16797
16810
17080
17095
17111
17128
17146
17165
17185
17186
17188
17191
17195
17200
17206
17213
17221
17230
17240
17251
17263
17276
17290
17305
17321
17338
17356
17375
17395
17396
17398
17401
17405
17410
17416
17423
17431
17440
17450
17461
17473
17486
17500
17515
17531
17548
17566
17585
17605
17606
17608
17611
17615
17620
17626
17633
17641
17650
17660
17671
17683
17696
17695
17701
17696
17701
17692
17696
17700
17701
17703
17706
17710
17698
17704
17711
17701
17710
17701
17712
17582
17595
17609
17624
17640
17657
17675
17694
17714
17715
17717
17720
17724
17729
17717
17724
17732
17722
17732
17727
17738
17737
17738
17736
17742
17736
17741
17731
17735
17736
17738
17741
17745
17750
17739
17746
17754
17745
17755
17747
17758
17757
17758
17756
17762
17756
17761
17751
17755
17756
17758
17761
17765
17770
17759
17766
17774
17765
17775
17767
17778
17777
17778
17776
17782
17776
17781
17771
17775
17776
17778
17781
17785
17790
17779
17786
17794
17785
17795
17787
16893
16906
16920
16935
16951
16968
16971
16971
17414
17415
17417
17420
17424
17429
17435
17442
17450
17459
17469
17480
17492
17505
17519
17534
17550
17567
17585
17604
17624
17625
17627
17630
17634
17639
17645
17652
17660
17669
17679
17690
17702
17715
17729
17744
17760
17777
17795
17814
17834
17835
17837
17840
17844
17849
17837
17844
17852
17842
17852
17846
17858
17857
17858
17856
17862
17856
17861
17851
17855
17856
17858
17861
17865
17870
17859
17866
17874
17865
17875
17867
17800
17813
17827
17842
17858
17875
17879
17883
17870
17871
17873
17876
17880
17885
17891
17880
17888
17878
17888
17897
17898
17897
17898
17896
17902
17896
17901
17891
17895
17896
17898
17901
17905
17910
17899
17906
17914
17905
17915
17907
17915
17919
17920
17918
16498
16518
16536
16552
16544
16532
16534
16537
16541
16530
16536
16543
16532
16554
16564
16575
16587
16396
16410
16425
16441
16458
16492
16511
16515
16532
16534
16537
16525
16530
16536
16542
16532
16540
16546
14814
15753
16116
16117
16118
15769
15770
15771
14681
14682
14683
16218
16209
16210
16220
16221
16220
16221
14686
14686
14687
16579
16592
16606
16621
16637
16654
16672
16691
16711
16712
16714
16717
16721
16726
15030
16193
16199
16198
16766
16777
16789
16802
16816
16831
16847
16864
16882
16901
16921
16922
16924
16927
16931
16936
16942
16949
16957
16966
16976
16987
16999
17012
17026
17041
17057
17074
17092
17111
17131
17132
17134
17137
17141
17146
17152
17159
17167
17176
17186
17197
17209
17211
17034
17049
17065
17082
17100
17119
17139
17140
17142
17145
17149
17154
17160
17167
17175
17184
17194
17205
17217
17230
18049
18054
18059
18051
18055
18059
18063
18064
18066
18069
18056
18061
18067
18056
18064
18073
18064
18075
18057
18070
18076
18072
18077
18082
18073
18077
18081
18082
18084
18087
18074
18079
18085
18092
18082
18091
18082
18093
18077
18090
18096
18092
18097
18102
18093
18097
18101
18102
18104
18107
18094
18099
18105
18112
18102
18111
18102
18113
18117
18118
18119
18117
18112
18117
18122
15408
15409
15410
15415
15416
15417
18131
18120
18127
18117
18126
18136
18128
16629
16642
16656
16671
16687
16704
16722
16741
16761
16762
16764
16767
16771
16776
16782
16789
16797
16806
16816
16827
16839
16852
16866
16881
16897
16914
16932
16951
16971
16972
16974
16977
16981
16986
16992
16999
17007
17016
17026
17037
17049
17062
17076
17091
17107
17124
17142
17161
17181
17182
17184
17187
17191
17196
17202
17209
17217
17226
17236
17247
17259
17272
17286
17301
17317
17334
17352
17371
18139
18140
18142
18145
18149
18154
18160
18167
18175
18184
18194
18205
18217
18218
18219
18217
18212
18217
18222
18212
18216
18217
18219
18222
18226
18231
18220
18227
18217
18226
18236
18228
18217
18230
18236
18232
18237
18242
18233
18237
18241
18242
18244
18247
18234
18239
18245
18252
18242
18251
18242
18253
18258
18257
18258
18256
18262
18256
18261
18251
18255
18256
18258
18261
18265
18270
18259
18266
18274
18265
18275
18267
16439
16452
16466
16482
16497
16514
16532
16551
16512
16513
16534
16537
16541
16527
16533
16540
16537
16546
16544
16542
16525
16538
16551
16516
16532
16549
16548
16551
16514
16515
16517
16520
16524
16529
16535
16542
16343
16352
16362
16373
16385
16398
16412
16427
16443
16460
16478
16497
16517
16518
16520
16523
16527
16534
16540
16544
16527
16536
16545
16540
16517
16530
16544
16539
16553
15081
15082
15071
15069
15069
15071
15062
15063
15062
15063
15064
15064
15065
15061
15061
15062
15055
15056
15061
15062
15064
16598
16617
16637
16638
16640
16643
16647
16652
16658
16665
16673
16682
16692
16703
16715
16717
16724
16722
16934
16951
16969
16988
17008
17009
17011
17014
17018
17023
17029
17036
17044
17053
17063
17074
17086
17099
17113
17128
17144
17161
17179
17198
17218
17219
17221
17224
17228
17233
17239
17246
17254
17263
17273
17284
17296
17309
17323
17338
17354
17371
17389
17408
17428
17429
17431
17434
17438
17443
17449
17456
17464
17473
17483
17494
17506
17519
17533
17548
17564
17581
17599
17618
17605
17606
17608
17611
17615
17620
17608
17615
17623
17613
17623
17619
17631
17630
17631
17629
17635
17629
17634
17624
17628
17629
17631
17634
17638
17643
17632
17639
17647
17638
17648
17640
17648
17652
17653
17651
17646
17651
17656
17646
17650
17651
17653
17656
17660
17648
17654
17661
17651
17660
17651
17662
17671
17670
17671
17669
17675
17669
17674
17664
17668
17669
17671
17674
17678
17683
17672
17679
17687
17678
17688
17680
15759
16573
16587
16602
16618
16635
16653
16672
16692
16693
16695
16698
16702
16707
16713
16720
16728
16737
16747
16758
16770
16783
16797
16812
16828
16845
16863
16882
16889
16890
16892
16895
17228
17233
17239
17246
17254
17263
17273
17284
17296
17309
17323
17338
17354
17371
17389
17408
17428
17429
17431
17434
17438
17443
17449
17456
17464
17473
17483
17494
17506
17519
17533
17548
17564
17581
17599
17618
17638
17639
17641
17644
17648
17653
17659
17666
17674
17683
17693
17704
17716
17729
17743
17758
17774
17766
17770
17774
17778
17779
17781
17767
17771
17776
17782
17771
17779
17788
17779
17790
17791
17790
17791
17789
17795
17789
17794
17784
17788
17789
17791
17794
17798
17803
17792
17799
17807
17798
17808
17800
17811
17810
17811
17809
17815
17809
17814
17804
17808
17809
17811
17814
17818
17823
17812
17819
17827
17818
17828
17820
16543
16541
16411
16426
16442
16459
16477
16496
16516
16517
16518
16522
16525
16530
16536
16543
16537
16540
16556
16567
16579
16592
16485
16500
16517
16534
16552
16512
16532
16533
16535
16538
16531
16536
16542
16524
16532
16554
16564
16575
16587
16600
16614
16629
16645
16662
16680
16699
16104
16105
16106
16522
16526
16531
16537
16544
15755
15756
15413
15413
15414
15786
15786
15786
16590
16607
16625
16644
16664
16665
16667
16670
16674
16679
16685
16692
16700
16709
16719
16730
16742
16755
16769
16784
16800
16817
16835
16854
16874
16875
16877
16880
16884
16889
16895
16902
16910
16919
16929
16940
16952
16965
16979
16994
17010
17027
17045
17064
17084
17085
17087
17090
17094
17099
17105
17112
17120
17121
17111
17122
17119
17696
17710
17725
17741
17758
17776
17795
17815
17816
17818
17821
17825
17830
17836
17843
17851
17860
17870
17881
17893
17906
17920
17935
17951
17968
17973
17977
17964
17965
17967
17970
17974
17979
17985
17974
17982
17972
17982
17990
17991
17990
17991
17989
17995
17989
17994
17984
17988
17989
17991
17994
17998
18003
17992
17999
18007
17998
18008
18000
18005
18007
18006
18012
18007
18012
18017
18007
18011
18012
18014
18017
18021
18009
18015
18022
18012
18021
18012
18023
15942
15943
15749
15569
15570
15946
16613
16632
16652
16653
16655
16658
16662
16667
16673
16680
16688
16697
16707
16718
16730
16743
16757
16772
16788
16805
16823
16842
16862
16863
16865
16868
16872
16877
16883
16890
16898
16907
16917
16928
16940
16953
16967
16982
16998
17015
17033
17052
17072
17073
17075
17078
17082
17087
17093
17100
17108
17117
17127
17138
17150
17163
17177
17192
17208
17225
17243
17262
17249
17250
17252
17255
17259
17264
17270
17277
17268
17277
17997
18008
18020
18033
18047
18062
18078
18095
18113
18117
18104
18105
18107
18110
18114
18119
18125
18114
18122
18112
18122
18130
18095
18108
18122
18127
18132
18124
18128
18132
18136
18137
18139
18142
18129
18134
18140
18129
18137
18146
18137
18148
18145
18147
18146
18152
18147
18152
18157
18147
18151
18152
18154
18157
18161
18149
18155
18162
18152
18161
18152
18163
18171
18170
18171
18169
18175
18169
18174
18164
18168
18169
18171
18174
18178
18183
18172
18179
18187
18178
18188
18180
16083
16085
16086
15724
15724
15725
16090
15827
15828
17411
17413
17416
17420
17425
15740
15742
15755
15956
15791
15802
15814
15813
16199
16214
16229
16562
16266
16270
16306
16307
16309
16312
16316
16321
16327
16334
16342
16351
16361
16372
16384
16397
16411
16426
16442
16459
16477
16495
16572
16573
16575
16578
16582
16587
16591
16543
16537
16546
16541
16372
16384
16397
16411
16426
16442
16563
16581
16600
16605
16606
16607
16608
16596
16601
16607
16612
16608
16613
16731
16742
16754
16767
16781
16796
16812
16829
16847
16866
16886
16887
16889
16892
16896
16901
16907
16914
16922
16931
16941
16952
16964
16977
16991
17006
17022
17039
17057
17076
17096
17097
17099
17102
17106
17111
17117
17124
17132
17141
17151
17162
17174
17187
17201
17216
17232
17249
17267
17286
17306
17307
17309
17312
17316
17321
17327
17334
17342
17351
17361
17372
17384
17397
17411
17426
17442
17459
17477
17496
17499
17500
17502
17505
17509
17514
17502
17509
17517
17507
17517
17512
17524
17523
17524
17522
17528
17522
17527
17517
17521
17522
17524
17527
17531
17536
17525
17532
17540
17531
17541
17533
17544
17543
17544
17542
17548
17542
17547
17537
17541
17542
17544
17547
17551
17556
17545
17552
17560
17551
17561
17553
17564
17563
17564
17562
17568
17562
16548
16552
16351
16352
16356
16368
16372
16368
16536
16543
16389
16398
16556
16567
16579
16592
16606
16621
16637
16654
16672
16691
16711
16712
16519
16522
16526
16530
16536
16788
16796
16805
16815
16826
16838
16851
16865
16880
16896
16913
16931
16950
16970
16971
16973
16976
16980
16985
16991
16998
17006
17015
17025
17036
17048
17061
17075
17090
17106
17123
17141
17160
17180
17181
17183
17186
17190
17195
17201
17208
17216
17225
17235
17246
17258
17271
17285
17300
17316
17333
17351
17370
17390
17391
17393
17396
17400
17405
17411
17418
17426
17435
17445
17456
17468
17481
17495
17510
17526
17543
17561
17580
17600
17601
17603
17606
17610
17615
17621
17628
17636
17645
17655
17666
17678
17680
17679
17685
17680
17685
17690
17680
17684
17685
17687
17690
17694
17682
17688
17695
17685
17694
17685
17696
17704
17703
17704
17702
17708
17702
17707
17697
17701
17702
17704
17707
17711
17716
17705
17712
17720
17711
17721
17713
17724
17723
17724
17722
17728
16514
16532
16551
16515
16516
16518
16537
16525
16530
16536
16543
16537
16546
16541
16531
16543
16398
16412
16427
16443
16460
16478
16497
16517
16518
16520
16523
16527
16532
16538
16542
16537
16546
16556
16567
16543
16537
16551
16516
16532
16549
16548
16551
16531
16532
16534
16537
16541
16529
16535
16542
16537
16546
16545
16545
16542
16536
16550
16515
16531
16548
16551
16554
16539
16521
16523
16526
16530
16535
16541
16542
16535
16554
16564
16575
16587
16600
16614
16629
16645
16502
16520
16539
16540
16546
16548
16551
16555
16560
16566
16573
16581
16590
16600
16611
16623
16636
16650
16665
16681
16698
16716
16735
16755
16756
16758
16761
16765
16770
16776
16783
16791
16800
16810
16821
16833
16846
16860
16875
16891
16908
16926
16945
16965
16966
16968
16971
16975
16980
16986
16993
17001
17010
17020
17031
17484
17497
17511
17526
17542
17559
17577
17596
17616
17617
17619
17622
17626
17631
17637
17644
17652
17661
17671
17682
17694
17707
17721
17736
17752
17769
17787
17806
17826
17827
17829
17832
17836
17841
17847
17854
17862
17871
17881
17892
17904
17903
17904
17902
17908
17902
17907
17897
17901
17902
17904
17907
16530
16535
16541
16532
16540
16532
16542
16535
16547
16541
16549
16417
16433
16450
16468
16487
16507
16508
16516
16519
16523
16528
16534
16541
16527
16554
16564
16575
16587
16600
16614
16512
16528
16545
16521
16540
16490
16491
16493
16496
16500
16505
16511
17148
17156
17165
17175
17186
17198
17211
17225
17240
17256
17273
17291
17310
17330
17331
17333
17336
17340
17345
17351
17358
17366
17375
17385
17396
17408
17421
17435
17450
17466
17483
17501
17520
17540
17541
17543
17546
17550
17555
17561
17568
17576
17585
17595
17606
17618
17631
17645
17660
17676
17693
17711
17730
17750
17751
17753
17756
17760
17765
17771
17778
17786
17795
17805
17816
17828
17841
17855
17870
17886
17903
17921
17940
17960
17961
17963
17966
17970
17975
17981
17988
17996
18005
18015
18026
18038
18040
18039
18045
18040
18045
18050
18040
18044
18045
18047
18050
18054
18042
18048
18055
18045
18054
18045
18056
18064
18063
18064
18062
18068
18062
18067
18057
18061
18062
18064
18067
18071
18076
18065
18072
18080
18071
18081
18073
16548
16530
16544
16540
16546
16552
16555
16555
16552
16526
16528
16531
16535
16540
16531
17291
17299
17308
17318
17329
17341
17354
17368
17383
17399
17416
17434
17453
17473
17474
17476
16501
16505
16510
16516
16523
16531
16540
16531
16542
16570
16583
16597
16612
16628
16645
16663
16682
16702
16703
16705
16708
16712
16717
16520
16527
16535
16544
16535
16546
16558
16571
16585
16600
16616
16633
16651
16670
16690
16691
16693
16696
16700
16705
16711
16718
16726
16735
16745
16756
16768
16781
16795
16810
16826
16843
16861
16880
16900
16901
16903
16906
16910
16915
16921
16928
16936
16945
16955
16966
16978
16991
17005
17020
17036
17053
17071
