4038
1831
1832
771
3684
1450
1451
4373
4373
2596
2596
2597
2598
2598
2598
2598
1453
2245
2246
6597
6598
2604
2606
3710
9853
9854
3301
2966
2634
2635
4814
4815
8400
8401
4821
4822
3306
3307
7330
7332
1157
9876
74
75
4808
4809
33
8402
8403
8404
8405
8406
8407
6623
5543
5544
4785
5547
806
4090
6626
1899
1900
1901
1901
1902
1903
1904
4395
5555
5556
3312
3312
9875
10968
43
5173
5174
5175
3721
828
4545
4546
4547
1184
9662
3735
3393
8897
3395
7403
7404
7405
7406
9256
6720
3030
4514
4515
5219
5220
5221
482
483
4527
4528
5587
5588
5589
1587
492
480
481
4853
4854
4855
6317
7814
7815
7816
7817
524
525
3087
3088
3089
3090
530
530
530
530
4176
3780
4178
891
892
4184
4185
1240
1240
2695
896
897
897
149
150
897
3091
3091
144
145
3092
3093
5601
2300
6358
2302
2303
2674
3756
2679
4900
2292
2293
123
124
3089
134
3449
4184
5611
909
910
911
912
1657
1657
2407
970
2807
2808
2809
2800
3461
2784
2802
2790
1342
1343
1344
977
1662
5350
5351
5352
5353
5354
4198
5358
5359
5359
902
903
3863
3864
2087
584
585
586
587
588
589
590
591
3096
1713
1714
1715
1716
3875
7932
3878
3879
5728
1682
924
925
2057
564
2061
565
5691
5692
5693
5694
7854
538
7476
5706
5706
5715
5697
5717
5698
6382
6413
6424
6425
6426
5724
7483
7484
7484
7933
4613
4614
3892
3893
543
544
2056
2057
1334
10496
7248
7249
7250
3231
346
347
4328
7256
4330
4330
4331
4332
1384
11998
11999
8008
5827
5828
4348
1013
1014
1015
306
307
308
309
310
5771
5773
5811
5812
5779
1418
12023
12024
333
1423
4731
1812
1379
1380
1815
286
287
288
289
290
6133
1739
1740
1741
7995
1742
1743
1744
1745
1746
1747
1391
6185
6171
6172
6173
5402
7625
7626
7627
1083
5821
299
1803
1803
5825
5826
6197
1362
1442
8013
8014
7263
8016
7570
7253
269
7573
7575
5752
11666
11667
1446
6585
6586
1834
6223
6224
6225
2260
2261
2265
2265
2266
5513
7322
1140
1141
1142
8390
12067
6611
9864
9865
9866
9867
9868
9869
3314
3315
1160
1161
6621
6622
6623
8409
8410
5871
5872
5873
6285
6286
7718
7722
7723
7724
7725
8787
8789
8790
13873
8416
6637
8418
4406
4413
9896
9896
9897
4415
8420
12443
12444
4418
4068
10986
7363
8798
13881
1499
1500
1501
432
432
432
433
3000
11735
9931
9932
9933
424
426
14607
3341
5896
3343
3344
4443
4432
4446
4447
1498
4436
6651
6660
6661
9629
8146
9632
7775
7101
9990
9990
7105
7106
7107
8877
4481
14410
12144
7106
7105
9971
9971
9973
9974
1564
9251
9651
9652
9653
10023
4151
4152
4153
4154
3046
3047
4163
7805
5222
5223
5224
4527
4528
4529
5587
3055
3055
3056
3057
1592
3418
3419
2285
2286
2287
3073
514
2650
4859
2657
2658
5237
5228
2662
2663
2664
2665
498
499
3075
6000
2649
2650
5994
5995
7813
7814
118
119
120
121
3763
3764
3765
2296
4888
4889
4889
4889
2297
2298
3769
3770
3484
3485
3486
1634
1635
1636
3894
259
209
210
5338
3844
3845
3846
5366
5367
7562
7563
2072
2073
2074
2075
1324
1325
1327
1328
1329
228
230
230
3860
3862
3863
5362
5364
907
908
1704
927
5349
5350
2050
2051
195
196
4199
4200
206
207
208
209
210
211
212
232
233
902
903
905
923
938
939
4636
4637
1338
183
2785
2786
2761
2786
2762
2762
2763
2764
2765
2766
5671
2768
2773
2774
2775
2777
2397
2398
5286
5287
5288
5289
5290
5291
4646
4934
1008
7959
7960
10519
6128
1402
1403
1747
1748
1749
6501
2169
2170
10548
1791
1792
3987
3988
3932
3990
7613
1409
710
646
647
3933
5413
5414
4684
4685
5026
5027
3943
3944
3976
3960
3961
3952
1066
1067
3965
1781
3968
3970
1048
2869
2870
2871
2872
1071
1072
1073
1073
3956
3957
5034
1059
1059
1060
1061
1062
1063
1064
1065
667
668
3558
3558
5097
1036
5100
5101
5101
5102
6540
6541
6542
5435
5436
5437
5437
1410
4669
4669
4671
3931
3989
3990
5392
5393
7613
2575
2575
2576
2578
5107
5108
5109
3661
2924
2925
7661
2927
3671
3672
3673
4014
4015
4016
4017
4017
3666
3666
3667
4020
4021
4021
1815
736
4018
4018
4022
6578
6578
6579
1827
6581
6582
1119
1120
1121
1099
1099
1100
1101
1102
7311
7312
7313
7314
1831
1832
3
2600
18
19
20
6599
6600
6601
5515
790
790
2233
5524
5525
2233
7687
7687
7688
7688
780
5517
3297
3299
8054
1143
7327
7328
7701
1475
8060
8061
8062
5553
4087
4088
58
4784
5552
5554
5169
865
866
867
1209
512
4540
4541
2650
5584
2652
2636
2637
4856
2655
2656
503
1584
80
6296
6297
5213
10377
6744
6746
1906
1907
3045
1908
1908
1910
7415
6731
6732
9278
9279
9279
8566
8567
8568
8568
8569
9271
7794
7794
7796
7797
7797
7797
7797
7797
7798
7799
5218
810
811
812
813
5242
5243
5244
5577
1631
1632
7476
3773
1632
4876
4877
4878
4879
4880
4880
6327
4882
4882
4883
2272
3087
5606
6333
6334
6335
6335
6336
6336
141
142
143
143
3093
128
201
202
935
936
937
572
573
171
172
173
174
3475
3476
1709
1710
1711
1678
235
538
540
541
596
1702
1703
1685
3849
3855
193
1688
4980
4981
4982
903
904
905
906
597
598
2069
1642
1643
6471
6472
6473
2811
989
990
4966
4967
4968
4969
188
189
1345
1346
1347
1348
1349
1350
7565
7566
3911
3912
2403
1645
1645
1645
1645
1645
3469
3469
2072
2405
1658
2793
5330
5331
5332
4190
1333
1333
1334
3902
3903
2416
2417
4922
4923
4924
4925
2427
2427
2821
2822
3237
3237
3239
3240
3241
3243
3243
7292
2821
995
1435
7984
629
3273
7960
7962
7962
283
284
285
286
287
1403
1404
5377
5378
5388
5389
4000
3933
3934
3935
3936
7638
7639
7640
7641
4712
5097
5098
698
1042
2856
2856
2856
2856
1037
2863
2864
2865
2866
2867
2868
2869
2870
2884
2884
1069
1070
3972
3973
3943
662
686
687
688
689
690
691
5087
667
3964
5090
5091
1054
678
679
680
1777
1778
4690
3982
1761
1762
1763
5460
7627
7628
7601
2200
2201
2202
2208
2209
7660
2585
2586
2587
2216
2217
757
758
759
760
761
5840
5840
765
6215
8034
4765
4040
5123
3684
5495
5497
5498
5499
5500
5501
5502
4036
5488
757
758
6217
12053
12054
12056
2598
2599
2600
18
2951
774
775
2955
2956
5141
5142
2270
786
787
8051
367
368
7325
795
796
5864
1863
1865
6252
5174
5175
5176
4777
3308
3309
3310
7332
7333
3314
380
381
382
7345
7346
3321
3322
5181
61
13140
1479
1480
1481
1482
1483
1484
1485
4504
4505
4506
4507
12220
12221
9659
9660
12224
8170
8171
3401
6688
6689
8925
8926
8928
8937
8913
8189
8190
8191
6695
6696
6697
8199
8191
10389
6290
6291
1578
1579
813
814
815
4541
4542
4543
1585
1586
5590
4162
10396
4518
1926
3054
5588
5589
5589
4160
1912
4162
4851
4164
113
496
4536
5242
2291
2292
5597
3429
3430
3441
3442
3433
3434
3435
5602
5603
5604
5605
527
528
2297
533
902
902
5252
3438
3439
3782
3783
3795
3796
3797
3798
3799
1973
1974
2717
2751
5660
5661
2733
5661
2752
2385
1279
1280
1281
5313
5313
1274
1275
1276
2041
2042
2043
5666
2757
2758
2759
2760
2763
2764
2765
2421
1318
1306
1321
2047
953
2806
178
987
2418
1316
1317
1294
1295
1296
1322
1323
559
981
263
1336
1337
2418
2419
2420
2421
619
951
952
4970
4971
559
3839
561
561
562
563
2058
2059
2059
981
262
263
986
2798
2799
2800
185
186
187
188
189
955
956
957
958
959
960
3907
4644
4645
4646
5373
5374
5010
5011
2096
1376
338
339
340
1444
342
11669
6109
5759
6112
7268
6114
6479
2095
6482
2832
11636
12029
6197
303
4733
4734
285
1731
276
5766
5767
5768
2839
1746
6183
322
323
10557
10558
6190
6191
4729
4730
4731
1426
317
634
1018
1019
321
322
4665
4666
4667
4668
5796
7626
7627
7628
5383
5384
2457
296
2455
2455
5804
299
300
7285
315
5826
6122
7972
8010
7974
8012
7290
7291
7580
1006
1007
1008
5764
7960
12036
12037
12038
1363
1364
10928
354
354
4367
4369
4372
4372
4373
4374
6595
2246
4378
5151
5152
3696
25
26
2613
2614
2615
2616
2617
2618
2620
2621
2622
3304
3305
3306
8772
799
1897
388
389
1169
1170
1171
1172
1173
1174
1175
1175
4076
6641
8073
8075
9509
9510
9511
1481
6647
10244
9902
9150
420
10248
10249
10250
10251
10251
10251
10251
10253
9199
9155
11341
11342
11343
15710
9913
9189
9190
9191
9192
9193
8443
11319
14611
8449
4452
3355
4454
4455
4456
4458
4459
4460
4461
4462
14275
14964
14965
14966
6963
9205
9206
7073
7074
8502
8503
9620
8870
8871
8134
8135
8136
8137
8137
9945
9946
9595
9596
9597
15871
15872
14406
14407
4111
9248
9249
5931
5932
5933
6667
3387
3390
6673
3391
12205
3739
3740
3741
1205
1206
812
1231
824
825
826
827
827
108
109
7427
7429
6308
6309
6310
6311
10398
3065
5224
486
487
1928
4531
4532
3066
3067
3068
3069
4856
4857
4857
1614
1615
1616
1607
1607
1607
1607
2636
2637
2637
3072
3073
2288
3078
3079
3080
3081
3082
6324
3760
3761
4874
4875
5704
3487
540
541
542
543
907
573
5367
5368
5369
6469
967
967
967
967
967
967
967
967
967
967
967
967
1651
175
2406
2407
2794
978
191
929
916
1711
215
216
217
218
3876
4631
3541
3542
224
3882
3884
213
918
919
920
541
7558
7559
925
926
927
577
930
1710
1711
1712
3887
6411
6382
6383
4611
4612
4613
7557
224
923
924
573
574
910
5347
576
577
1688
1689
1690
1691
4208
4209
3872
3873
219
4630
4631
4632
3543
3544
5732
2092
5761
270
10513
5742
10515
1382
4332
4333
1385
1386
5768
5769
1808
1809
7993
7994
314
315
317
318
319
320
321
322
638
6501
5427
3937
3939
3940
3941
3942
5028
1074
1075
1077
1078
2160
2161
2162
6509
5424
10544
2462
3552
3553
3554
5029
681
3957
682
3955
1074
1075
669
670
670
2898
4713
4714
4715
4716
4717
6537
5431
5419
643
644
6553
6554
5799
3996
3996
5801
5802
5820
5821
5822
5823
335
6139
6140
5769
1737
1738
7284
7285
302
4732
304
4014
4015
737
738
2188
2207
2208
1089
1090
1091
5476
5477
6201
6582
5488
5489
1
2
3
6222
357
358
7677
6226
6226
6227
7678
7679
4046
2605
2606
5860
7325
7326
1144
8764
8765
2627
2628
2628
2629
8759
1466
3718
1469
1470
2623
2624
2625
2970
8395
9495
8396
1853
12074
3702
1885
1886
2255
11697
5151
10612
10614
10615
4390
12427
809
810
4806
1870
1871
1872
11697
11698
11699
5153
4772
4773
4774
1473
1474
1475
1476
1477
61
62
63
65
66
67
4395
4396
7412
7413
7414
840
3042
3043
3044
837
7415
7416
7417
5214
5215
5216
7800
5218
5219
5220
10397
3050
5971
1599
1601
2284
3420
4166
4167
4168
4869
4870
2671
10754
7458
7459
2684
3427
2307
7829
7830
3451
4913
4915
6352
6353
7835
7836
3445
3446
3447
3448
3450
3451
3784
3785
5275
5276
5276
5277
5640
5639
5640
5640
5640
5641
3819
3820
2714
2717
2351
2352
2353
2353
2721
2355
2356
2357
2358
2359
1995
1995
1997
1998
2362
2363
2363
2363
2360
2360
1986
1986
1987
2365
2364
2363
2363
2376
2376
2455
2364
2365
2366
2367
2368
2369
2370
2371
2373
2374
2375
2377
2378
2379
2380
2728
2729
2383
2384
2442
2443
2444
2747
2390
5742
2391
2392
2393
2394
4998
4999
2771
5655
4936
4937
4938
1282
1283
1284
4942
3825
1297
1297
1323
3838
578
579
580
2065
585
208
1328
1329
1330
1331
1332
229
229
195
196
2053
549
5365
5366
552
553
554
973
556
557
558
559
3478
3479
232
3481
7853
7854
7855
7857
541
7847
205
5364
4986
10889
1724
1724
1371
1372
1373
1359
278
4343
317
1745
636
637
3551
2463
2464
2465
2473
2474
2142
2143
2500
2501
2506
2507
3591
2129
2128
2124
2124
2125
2126
2127
2128
2129
2130
2131
2122
2123
2124
2125
2125
2125
2128
2511
2512
2513
3618
3619
2151
2152
2536
2538
2110
2500
2501
2502
2503
2543
2516
2139
2139
2140
2546
3637
3638
3639
3640
693
1761
1762
1763
1764
6509
5405
4000
4001
4002
4003
4004
4005
4006
4726
4727
2911
5462
1415
5384
5813
5814
10530
2921
2922
2923
728
6575
3664
739
1819
1819
2918
2919
2572
5468
2578
2578
2566
2567
6570
1085
1085
1086
1087
1087
1087
1087
1087
1087
1088
1089
6574
6575
6576
6577
5116
5117
1094
2589
2590
4039
8036
8037
8038
8039
8040
6603
6605
5520
5521
5522
5523
5524
5525
781
781
782
2253
3705
2254
5145
5146
6229
6592
6592
6594
17
18
4377
3693
776
3292
3293
2270
2271
5144
5145
5146
1841
1842
360
360
361
361
361
361
362
5512
5513
8049
1134
5142
5143
4884
4885
6011
6012
2300
5581
6366
5583
5584
5584
504
5228
4534
496
497
498
1621
1622
6005
120
121
5245
526
527
528
3767
534
535
4893
4894
156
4896
1940
1941
163
1943
1944
1257
1258
3785
3786
5621
5621
5622
5622
3459
5621
5622
5623
5624
3789
3790
3791
4917
5272
3795
3796
3797
3798
3810
3811
1267
2718
2719
2719
1977
1977
1978
1978
2336
2337
2338
2334
3813
3813
3814
2715
2715
2716
1975
1976
2720
2721
2722
1981
1982
1983
1984
1994
1995
1987
1998
1998
1998
1998
2008
2010
2010
2011
2012
2012
2013
2014
2015
2016
2016
2017
2018
2019
2728
2729
2730
2023
2441
2442
2443
2444
2444
2040
2041
2031
2032
2032
2033
1286
619
5285
621
4945
3465
3466
965
966
1651
1658
177
177
2795
912
1660
1660
2795
956
957
2797
987
988
989
4954
4955
2767
4929
5298
5299
5300
993
994
5306
4933
4934
4935
5310
5658
5659
5660
5660
1270
5661
5662
2385
2386
2387
2388
2748
5656
5658
5011
5011
5012
2738
2738
2006
2363
1419
1420
7630
7631
7632
6499
5022
1768
1769
1770
661
3945
1061
1062
5077
5078
5079
5039
2497
2498
2529
2531
2520
2521
2546
2523
2524
5048
2494
5060
5058
5059
5061
5062
5063
5062
5083
5047
5048
2483
2487
5063
5041
2528
2529
2144
2145
2146
2147
3601
3613
3613
3613
3613
3614
3614
3615
3615
3616
3617
3618
2150
2151
2535
2536
2544
2478
2546
2546
3622
3623
3623
3624
3625
2475
2476
2476
2542
2543
2543
2519
2519
2519
2533
2533
2532
2532
2532
2533
2520
2521
3651
3651
3651
3652
3653
3653
3654
3655
3655
5103
5103
5103
5103
5103
5104
5105
5105
5106
5107
2195
2196
6567
6567
6564
6564
5468
5468
5468
720
720
722
723
2195
2196
5108
5109
3661
5111
728
1091
1092
1093
1094
2217
2218
1831
2946
10602
14
11
10
11
12
1126
1127
6222
357
20
776
1844
22
9852
3711
2962
2963
2964
2965
1462
1463
1464
1465
1465
1466
3716
1468
1469
1470
1471
1862
8765
1852
1852
1853
8399
4816
9860
1469
1470
2967
29
29
1617
5982
5983
5984
6321
1625
3751
5988
5989
5989
2675
5991
515
501
516
517
1610
1607
5233
5234
5235
5236
5237
9301
9303
507
508
509
510
4537
4538
3423
2681
10752
10755
10755
2645
2645
2646
2647
159
1624
1625
1626
1626
1627
3761
3762
3427
3428
3429
3430
5256
5257
5258
5259
5260
5261
5261
5263
5265
5266
5611
4913
4914
4915
4916
4918
4919
4920
5275
5276
5277
5278
5279
5280
5643
1973
2350
2350
1266
1975
2352
2353
2354
2355
1980
1981
2357
2358
2341
2020
2382
2383
2383
1270
1270
2437
2449
2449
2450
2451
2452
2019
2380
2020
2022
2023
2024
2443
2027
5656
5657
1267
1267
5313
5314
5664
5665
5666
1286
1287
1288
605
605
607
608
609
610
5293
4956
4957
5650
5651
5652
5652
5672
5673
617
5004
618
619
620
621
622
623
606
184
603
606
606
606
185
186
2804
5328
5329
955
956
957
2416
987
181
182
184
185
186
2791
2402
965
179
180
181
182
183
5291
610
991
992
993
993
2426
993
8719
994
994
995
7581
7582
7583
7584
7585
6117
10522
4338
6483
4340
4340
4340
4340
1806
10525
6142
6143
10528
6145
7610
7611
4001
1026
6514
6515
6517
6518
6519
6520
6521
6523
1037
1037
1037
1037
1037
1037
1037
1037
1043
1044
1045
1046
1047
1048
674
675
676
677
2878
2879
2880
2881
2872
2873
2873
2873
2873
2873
2873
5092
3966
3557
3558
4715
4716
1036
1043
4708
4709
1046
1047
1049
5094
5094
5095
5096
5097
1045
1036
7641
7642
7643
7644
7646
4726
4727
725
5109
1085
1086
2203
2204
2204
6564
6564
2181
2181
2182
2583
728
729
730
3670
3671
7665
4752
4753
8026
5833
6202
6203
6204
7304
7304
7305
7306
4761
4762
4763
4764
6218
2592
1125
1126
1127
17
1129
358
5130
1131
1132
1133
8050
6602
8052
5528
5529
2609
2610
2611
3302
3303
2634
1861
1861
1862
1863
1864
4776
9497
5541
5542
5543
12779
3324
8066
8067
7351
7352
13159
13160
5890
5891
15345
15346
9532
9936
9937
9519
14603
9195
9196
9197
6956
9936
11735
11736
8875
8876
8877
7092
7093
10339
4114
10342
10342
10342
7778
7778
7779
7780
7781
7782
6664
4122
4123
4124
4125
6715
6716
4840
8203
4842
8161
10390
8571
9284
7410
6304
4155
6306
4156
4157
4158
4158
1909
840
1911
1912
1913
837
478
479
1590
3059
3410
3061
3062
3412
3413
3413
491
491
492
3049
3050
3051
3052
3052
5974
4521
4522
4523
6313
6314
4864
1618
1619
1620
5998
5999
6001
6002
6003
1623
1624
6322
6323
6324
4901
4171
6330
6331
124
125
126
147
147
4204
4205
3885
4207
4208
6411
3872
6017
6018
250
7925
7518
7520
3118
3119
3120
6433
6434
6437
6438
4595
4596
4597
4598
7519
3106
3107
3108
3513
3513
4222
4259
4260
4261
6073
8591
4237
4238
3177
3178
6751
6752
10463
10463
10464
8208
8636
8637
8638
9393
9394
8221
8222
8293
8213
8214
9324
9326
9327
9328
9329
6762
6762
6763
6764
6765
4568
7192
9383
9384
8624
8631
8649
8649
8649
8649
8650
8651
8652
8653
7199
7880
7880
3130
3131
3132
12591
10410
7878
4577
10440
8574
9046
7204
4281
4284
8308
8310
9112
10883
10884
11960
11601
11602
11603
9089
9090
7240
7241
7244
7245
9795
9795
11967
266
267
3257
3258
3259
8722
3260
8724
8725
8726
9835
9836
9801
9803
9804
3248
4356
9807
9808
9826
9827
9828
9829
8711
7251
3255
3256
3210
8717
995
996
997
998
11663
1000
5750
1001
5751
5752
3262
3263
3264
4321
4322
3266
3267
3267
7251
3232
3233
3209
3210
3211
3212
3213
3214
3247
3248
3250
3251
3252
4325
4326
5761
5762
7958
1009
1010
12037
3679
3680
3681
5852
5508
5854
6
1111
1111
9
10
12057
4766
4767
4768
2223
2250
2251
7686
788
7689
7690
7691
7692
2610
2964
2965
1470
1471
1472
1473
5177
1153
1154
1155
1156
72
1158
379
380
6618
6619
6620
5867
5868
1164
5180
60
389
4401
4063
4064
4065
4066
9147
4419
4420
4435
4436
7373
5922
1501
1501
1501
14607
5895
5896
437
438
5905
4072
6943
6944
6945
15342
15343
15344
8086
8801
1525
1526
8090
10305
10306
8443
7381
7381
7382
7383
4074
4075
8428
3386
1569
1570
6704
6674
6675
6676
6678
6679
6680
6677
6677
6677
7750
6708
6709
6710
88
6667
6668
6669
6671
1570
1571
1572
87
88
8898
7394
7395
4144
4145
8905
1187
92
9255
7407
7408
8572
5968
4517
4518
3050
3051
3053
3054
3055
3056
492
493
494
495
3746
5241
2667
2668
4869
3760
2684
2685
2686
2687
2688
1239
1240
1241
1242
1243
3446
3447
1255
5255
5256
1239
1240
1241
7836
1953
1954
1955
3781
3782
1957
1946
6342
5614
6345
6346
5616
5617
5618
181
182
183
184
185
186
2401
2402
965
3914
967
967
967
967
1651
2404
913
914
2050
2077
2078
232
233
234
7854
537
538
539
237
7857
7858
7859
7860
7861
7862
3870
3871
3872
3873
4623
4624
6448
6449
3507
3508
6449
6449
6450
6451
3502
3502
4216
4217
6432
4220
6033
6034
6035
7876
10409
12592
6751
7902
6753
6754
6755
8648
3169
3170
3172
8654
3183
3184
3185
6079
6080
8661
7539
6082
6082
7552
1671
1672
4632
4633
1722
1723
1724
5374
5375
5376
5377
2462
1769
1770
4687
4688
4689
2886
2887
4692
7644
2907
702
5434
5435
5447
5448
5449
3580
3581
3581
3581
3581
3581
3582
4696
4696
4696
4697
4697
5452
3569
3570
3571
657
658
2105
2105
2106
2113
2114
2116
2117
2118
2121
2124
2133
2134
2134
3604
3605
3606
3607
3608
3609
3610
3611
3602
3603
3603
3603
3603
3603
3603
3603
3603
2513
2514
2515
2138
2139
2523
3631
2526
2527
2528
2475
3635
5071
2521
2522
3622
3623
5068
5069
5070
5072
5074
2155
2156
5087
5088
2552
2552
2552
3650
3651
3642
2548
2548
2548
2548
2549
2550
2551
2553
2554
5103
4007
2911
5109
5110
5111
1087
1087
2208
741
742
7661
730
2927
2928
733
734
734
10591
4024
752
5117
5118
2589
5851
5852
5853
5124
1450
1450
1450
1450
1453
5127
5128
6233
6234
4379
4380
4381
3712
3713
4384
4384
12078
9122
9122
9123
9124
8046
8047
9126
9851
9128
9129
9130
9131
7695
2619
2619
1468
1468
1470
34
12086
12087
12088
12089
9888
9889
4403
6930
6931
6932
6933
6934
4131
4132
6705
3393
10000
10001
5204
5205
6290
6291
6292
5568
4165
496
4536
4537
4538
5986
5987
5987
5987
5987
5987
159
160
4899
1627
1628
2683
7826
525
526
527
528
2297
534
535
536
537
537
875
4906
5605
7464
528
528
131
132
3448
3449
1958
1959
2311
2312
2320
2321
2322
2323
2324
2695
2698
6341
2327
2328
2329
5631
5632
5633
5634
5635
3823
3823
3824
5638
3818
1970
1263
2331
2332
2333
3802
3803
5636
5637
5638
5640
1971
1972
5634
5635
5636
2757
4943
621
4945
4642
4947
4948
3908
4948
3909
3910
5683
5685
558
559
1325
1326
4193
5340
5338
5341
5342
5343
3897
3898
3899
3900
3901
3901
5347
4189
928
5333
193
194
195
196
197
5360
5361
204
3883
3884
7852
6408
7862
3494
3495
4210
4211
4212
3102
220
220
221
222
256
6400
6401
3865
3094
3095
3096
1692
6392
7842
6397
6398
6399
542
543
1638
5365
3847
3848
3849
3850
3851
984
985
958
959
960
1351
3831
3833
5682
963
964
965
3468
6472
5759
4326
5761
6113
6114
1372
1017
1018
1019
1020
2843
5784
6161
6162
5408
714
4673
1025
1026
1027
1028
1029
1030
2893
1754
1755
1756
1057
662
1058
1060
1061
1061
1062
1063
1064
666
3978
1776
1776
682
683
3977
5031
5031
3979
666
667
1067
5090
670
5092
671
671
672
673
1055
1056
5029
5030
5031
5032
3960
3961
667
1076
1077
1078
7644
5420
644
645
646
715
716
6162
6163
6164
1795
1796
1796
1797
7595
1023
1024
1025
1026
2168
2169
2170
2171
5106
3659
726
5473
5474
2926
3671
1815
1816
736
737
749
742
7661
744
732
2928
2929
2929
4752
4753
8026
8027
8028
2935
6204
6205
7299
7300
1117
1118
0
1
7673
7674
7675
7676
7677
7679
1843
7681
777
23
1141
8055
8056
8057
5156
5157
9500
7705
9486
6630
6632
5191
5192
7742
7743
3328
3329
8795
415
10986
12803
6941
3346
8426
8427
3366
5885
5886
13156
7721
395
6288
7725
4802
66
67
6267
804
805
58
59
8411
8412
5873
4798
4799
7734
4800
10389
10704
12220
1182
10008
10009
10010
9988
9989
454
11101
5927
5928
9627
3005
3006
3008
3009
10344
7763
10015
10016
10347
4139
10349
3020
3021
3022
3023
8175
6698
6699
3732
3733
5945
9664
9665
9665
9667
8149
4551
4121
4122
7392
4494
4495
3398
3399
3400
7403
91
92
6289
474
475
476
6304
6305
6306
3037
3039
3038
1225
1226
479
480
1229
3745
1932
1933
1934
1935
524
3085
2272
4885
527
528
131
131
131
3090
3090
3091
134
135
136
5266
5267
5268
5269
3854
3855
3855
3856
229
229
195
196
196
5355
582
582
582
582
5357
3093
3094
3095
3096
3097
1714
3872
3873
7513
6020
6021
6026
6027
6029
6030
6031
6032
6033
3123
10420
10421
10446
6068
11940
6070
6071
6051
6052
4240
6054
6055
4242
6057
6058
6059
6052
4232
4233
4235
10475
6063
10477
7883
4275
11865
11866
4273
4273
4277
4278
4279
4280
10425
10426
8586
3124
3125
3126
3127
6038
6039
6040
6041
6066
6067
6068
6069
6048
10446
4250
10449
4247
7884
10481
4253
4254
10398
7205
7207
7207
7208
7209
8672
8673
8674
8675
8676
9065
9066
10149
8327
8345
8346
8347
12724
9431
7936
9450
8362
9453
9455
9456
9440
9441
9093
9094
9446
9790
7228
9078
9079
9080
9796
7249
9798
7948
8730
8731
3250
3251
3267
3268
268
269
270
271
7583
7584
1731
1732
7968
6118
6490
6490
11634
2832
2833
2834
6485
6486
6487
7998
6122
7971
5829
5830
5831
7260
7261
7262
5754
3264
3223
9808
3226
3226
9817
9818
9819
9822
9086
9842
9087
9088
7237
1449
1449
1450
1450
1451
1453
6595
2246
2247
2248
3694
3695
3696
3712
3713
3714
3715
7696
6610
8056
8057
5157
5158
5159
802
803
1905
1906
805
4089
8410
3324
4827
8068
9890
9891
9892
9893
4412
9894
9894
9894
9894
4407
9895
9897
8419
8420
8421
9147
9148
6948
6949
1499
1500
5894
12118
12119
9525
5898
4441
4442
14255
4445
16066
14259
7364
7365
7366
7367
7367
4428
4429
16071
16071
440
4432
441
442
4421
6950
14599
8449
8450
1525
1526
1527
1528
10290
1529
1530
1531
1532
1532
12537
12538
10320
7082
8873
8874
3002
12141
12142
11470
5924
10315
12148
12185
12186
9245
9246
14408
459
4472
5923
5924
5925
5926
5927
5928
5929
5930
5931
1566
1567
4142
4143
11815
11816
11817
4134
4134
7388
4551
4552
10020
9653
9654
9655
9656
8184
849
9281
9282
9272
6722
98
5218
3408
3409
5970
3051
3065
3066
3067
5978
9294
9295
104
105
486
487
1600
1601
1602
2284
2285
3747
2666
2667
815
816
817
1212
1213
80
81
82
83
84
10011
4501
4502
4121
8555
10850
4569
4571
8287
8219
8220
3144
10040
12596
10782
10783
10784
10785
8280
3159
8284
10046
7898
7899
7900
10035
10473
3181
3182
10440
8656
6077
6078
6079
3534
9307
9308
9313
7526
7527
7528
7528
7530
8580
8659
8660
3113
3114
3115
3116
7923
7931
7932
252
6417
6418
6419
6419
6420
5721
5722
6414
6384
1697
254
255
7488
7859
7860
7861
7862
4209
3496
3497
3498
3499
6087
6088
7544
6022
6089
3877
1719
1720
3543
6099
6100
6101
6102
1339
1340
3463
4945
4946
4947
4951
1353
346
6477
1007
6479
7271
276
288
289
7991
7656
7656
7656
7656
6141
5018
6143
6144
6145
2843
1407
1408
1409
1410
711
712
713
6510
6511
6512
6513
325
326
6152
5794
6543
653
655
656
657
658
5026
3554
676
3556
2885
2887
3559
7644
7644
702
3577
3578
3579
5453
5454
5455
6518
4720
4720
4720
4720
2891
2892
2893
2894
1046
1033
1783
1784
1784
1785
1786
6528
6529
6530
6536
6536
6537
1789
1791
5459
2910
6192
1397
1398
1399
1813
1380
1381
10516
5745
2930
2931
4027
4755
5479
5480
5483
5483
5846
10588
10587
10587
10582
4737
10582
2930
8025
8026
4740
2934
2935
7294
6210
6211
2941
2942
6215
2944
1106
7316
3289
3290
1457
1458
1890
1891
1892
1893
5865
2973
1152
1153
1154
1155
10218
10219
6272
6273
6274
6275
6275
6275
6275
6276
6277
6278
6279
6280
6281
6282
4093
4094
4095
4097
10961
10963
10964
5169
5170
5171
43
44
45
46
2633
28
29
30
31
31
31
1857
32
33
34
35
9138
9139
9886
9887
4401
390
10387
8191
8193
5954
5955
6692
6693
6694
8177
8178
3024
3025
6718
7790
7791
8561
7793
12571
6301
6302
6303
9286
5220
5221
113
114
5231
5232
1607
2656
2657
2657
5237
5238
2662
2663
2664
4537
2667
2668
3424
2682
6326
6327
1630
1630
1631
877
878
879
880
881
882
6328
6329
2272
526
527
528
529
530
533
2299
2299
7455
2301
6015
2303
1939
10754
3758
3760
3084
7461
6010
1632
873
3774
5605
1255
5607
5255
2689
5611
2700
2701
1948
2703
5271
5271
5272
2416
987
988
989
990
991
610
993
993
2423
2423
2425
5306
5307
5308
5309
5310
2039
2040
1282
1284
2043
3824
3825
3826
622
4642
3829
3832
3832
3832
4644
625
5291
2420
2421
2767
2768
5295
5296
5297
2424
2425
5320
993
993
949
950
951
952
1322
1323
559
560
549
550
3897
1686
228
1688
931
567
933
569
905
937
938
598
4636
5733
1316
4955
5739
5740
5741
5742
2031
2394
2034
616
2771
2772
5673
2775
2776
2424
4932
2430
628
629
2448
2449
289
290
7276
7282
7277
6180
293
4661
4662
322
6500
1750
1751
4685
659
660
3973
3974
3975
3960
3977
3977
3977
684
685
686
5080
5081
5081
5063
5064
5065
3635
5072
5073
2492
2493
2493
5077
5056
3948
3948
2485
2485
2485
2485
2485
2485
2486
2487
2488
2489
5042
5042
5042
3633
3633
3634
3635
3635
5045
5046
5047
5048
5049
5050
2470
5055
5038
5039
2485
2491
2492
5075
691
3640
1066
1067
3965
3966
3967
3967
2898
2899
2900
1034
698
698
699
700
5431
2559
2560
2562
2563
724
725
2581
3661
2583
6574
6575
2212
6577
6578
3678
2216
2217
7671
7672
5491
5492
5493
3685
3689
3690
2951
774
2953
2954
2955
362
2263
2263
2263
2264
2265
2266
2267
1134
1135
2271
2254
2239
2240
6230
6231
6232
6233
6234
1458
1890
11701
4053
4054
12088
4391
4392
6263
10226
5186
5186
5187
5184
5184
9488
9489
9490
9491
9492
9493
6253
6254
1150
5539
5540
7702
6260
3322
1166
6627
6628
5165
6630
5162
5162
5163
6631
6282
6633
6284
6635
8169
6701
6702
6703
4132
5936
5937
5938
5950
4554
10022
5965
5966
4153
4154
10370
6728
6729
6730
1917
1918
1919
1920
10367
1922
1923
1924
481
482
483
104
485
4529
505
506
507
1604
7808
4856
2655
2656
2657
2658
505
4862
2663
3420
3421
5574
869
870
2293
7463
7464
7451
7466
7467
7469
1254
5606
5607
3439
2689
2690
2691
7833
2693
2694
2695
2696
6338
6338
4185
4186
4187
4188
4915
4918
4919
4920
4920
1961
2708
2709
2710
2711
2712
3821
5647
3823
3824
2398
621
622
623
624
625
626
2765
2766
2767
2768
4959
2423
2424
2425
2426
993
993
993
993
994
2429
4933
4934
4935
4936
5657
2751
2752
2753
4940
2755
2756
1287
1288
4963
4964
2819
604
604
2789
186
2791
2792
2793
977
978
979
3856
4192
3841
3841
3842
547
3843
3842
3844
1328
1328
3846
3847
3848
3849
3854
3855
192
193
194
195
196
4198
582
4203
6405
199
200
3863
204
205
571
572
551
552
910
1642
4921
1302
1354
1355
1356
5011
2450
3924
1021
2180
10531
7599
7600
7629
1416
5465
5782
5466
1022
1023
5409
716
5786
5787
5788
6514
6515
3582
3576
3577
6549
6551
6552
6553
1794
6157
6158
6158
6158
6159
5391
5392
1025
655
656
3936
5428
5429
1789
1790
7646
644
645
646
3932
655
2168
2169
5416
5417
6537
1789
5103
6540
704
705
707
708
708
708
708
708
708
708
708
7618
7619
6545
3566
6547
6548
3579
3580
4699
4700
4701
5417
6505
6506
4726
1081
1082
1414
1415
5384
5386
5387
5816
6564
6565
2196
2581
2923
2924
2925
1824
1825
6200
4740
4741
4742
4742
4743
4743
5846
5847
4757
8028
1118
1830
1831
770
5123
5124
1450
4372
7
1111
1112
1113
1114
1115
1116
1117
5488
6584
2219
6586
4042
7319
7320
362
2266
2267
2268
779
780
791
791
6604
2227
2227
2229
2230
2231
2232
3296
3297
2960
2961
2609
3301
3302
27
6240
6241
6242
6243
6244
8771
5177
5178
2976
54
4785
4786
56
57
58
4784
10221
4786
808
803
803
69
70
71
3320
12590
6298
10383
846
9281
8571
8572
5967
100
101
102
1605
5980
6371
6372
5242
869
5244
7819
7820
7821
6364
6365
6366
6367
2280
503
487
488
1222
108
109
111
1229
4165
867
868
1235
1236
165
4174
1250
901
1244
537
1246
1247
889
5254
5255
5256
5257
2699
2700
6342
6343
6344
3454
3457
3458
3459
3459
2318
2319
2320
2321
2322
6349
3456
2706
2708
3797
3798
3799
3800
3821
3802
3823
3816
3817
3817
1969
1970
1971
2712
2713
5281
5282
5282
5282
3817
2769
2770
2771
2772
5741
2037
2749
2749
2434
2435
2436
1269
2440
2441
2442
2755
2756
2034
5005
2770
5738
613
2773
2774
2396
2397
2397
621
4945
4641
4642
3833
3910
963
3835
3836
977
3838
3839
3857
3858
231
232
233
234
537
241
241
5718
5719
6394
6395
6395
1632
1632
5710
5711
5712
5713
5714
238
5706
5706
5706
5706
240
241
242
5698
5699
6394
4608
4609
6423
246
7483
4612
1698
223
6098
6099
598
599
6102
601
990
4926
5306
5670
4992
4993
4994
1728
11652
11653
4736
8024
8024
8025
3242
3242
3243
350
3245
3246
3264
3249
7952
4324
3916
3269
3270
3271
1008
7986
276
1385
1386
1387
1736
1808
291
7281
292
5809
5809
5810
293
293
293
5812
5813
5386
2843
3927
6161
5392
5393
5394
3566
5449
5450
6151
6152
6152
6153
4669
4670
6156
1795
3996
1798
5381
7600
1084
1085
7603
7604
5774
5774
5776
293
7607
7608
2179
5466
5467
5468
7598
5381
7600
1801
1802
1803
1741
315
4345
280
281
4348
4349
4350
4351
2933
2934
2935
6212
6213
6214
6214
1102
7308
7298
6206
5482
4744
5483
5485
12048
12049
6583
7672
6585
6586
6587
4043
3691
6233
3693
3694
6236
1847
7326
1144
1145
4775
51
3319
3320
386
387
388
389
4093
4094
4095
7714
8790
8791
8792
4065
7354
7355
1174
1485
3367
3367
8429
8430
8431
10244
10245
10246
5913
4424
3341
3342
4427
4428
12123
12124
10657
14254
16070
4442
3345
3346
3347
6945
6946
6947
9150
9150
5893
1501
433
14607
8445
8445
8446
8446
3335
8447
8448
4473
12135
4486
4487
4488
4489
4490
1565
1566
1567
9984
3376
5199
5200
5201
6685
3020
3021
3022
3732
4131
4132
4133
5200
5938
1175
5202
5203
8557
6689
6690
4833
4834
8915
8169
8541
8918
4145
3400
91
3403
5205
5206
3406
3407
4518
4519
3051
3052
3052
3064
3065
3066
3067
4524
7436
7437
7438
7439
7440
2640
6321
3750
3751
2644
2645
2646
2648
2648
515
517
518
1619
3073
3074
3075
3075
3076
3077
3078
1623
7442
7443
7444
3084
6376
6377
6378
6379
6380
6381
6382
3099
6427
7512
4212
4213
4214
4214
4214
4214
4214
4215
7546
4216
4217
4218
4219
4220
4221
3515
3124
8589
8590
4263
6062
4265
4266
6065
6066
4268
4269
4270
4271
4271
4229
4230
4230
4231
4232
4233
4234
4235
4236
4237
4238
4239
6038
6039
4244
4265
4266
4267
4268
4269
4270
4228
4229
4230
3127
6039
6040
6041
4580
4581
4582
3534
7540
3537
7542
3509
3506
3507
4625
4626
6453
6454
6455
7507
7508
4604
1696
1698
5728
5729
4634
4635
4636
4637
4638
4639
950
951
3263
3264
3251
3916
3917
7956
7957
6478
6479
6480
2829
4335
8007
12000
4345
4346
8001
8002
8004
7967
4334
1734
1735
6493
1736
7991
311
312
7654
7655
7657
4656
1805
1806
1807
2839
2840
2841
2842
2843
2844
6171
4675
4676
5791
5793
5795
6552
6553
5798
1795
5408
5409
5390
5390
3991
3992
3993
3994
3995
6158
2165
4000
6147
324
325
326
327
6190
6191
6192
7651
7652
5017
4660
1389
1390
322
323
324
4676
326
6174
6175
6176
6177
6178
1803
5824
337
1378
6578
6579
6580
1827
2934
2935
2936
4033
7298
7298
7299
7294
4759
4759
4760
4761
4762
4763
4764
1121
2945
1124
1126
2600
1834
357
358
359
360
1839
1839
2240
5147
5148
5149
5150
3693
5152
5860
1847
26
27
5534
5535
5536
5537
5538
5539
12070
6614
6615
380
3316
9877
1148
5173
5174
5175
5175
5539
5177
5178
5179
3322
5181
5160
10225
5166
4394
4086
804
1906
5546
4783
4783
4784
4785
4786
4790
4791
4792
4793
4794
4795
4796
5191
5192
5193
392
393
4081
4082
5966
3742
3407
3408
1220
5558
829
830
830
6733
6734
4847
4848
4849
3033
4155
7425
7429
7430
7431
1592
7433
7434
3068
3069
3070
3071
116
1620
1622
5984
1624
3081
3082
1627
1628
4871
883
4882
4883
3086
3087
124
890
891
892
893
894
5265
5265
2699
5612
5613
5614
5615
3454
3455
3455
3455
5626
4917
4917
1949
1950
1951
7837
7838
155
2301
7824
7825
7461
4903
1937
5580
5581
5582
5583
5992
5993
5995
7814
2666
119
120
7818
6009
6010
6011
6012
6013
6411
6412
245
4611
4612
4613
7487
7488
7489
7478
5717
6381
5699
5720
4606
5701
7843
3891
3892
3881
2086
7848
4200
4203
5358
199
3094
3095
3886
3097
1693
6382
245
246
4611
4605
4605
4605
4605
4607
4608
4609
246
246
247
248
6017
6018
7521
7522
7523
7524
7525
7526
7527
9303
7537
7538
7539
7540
7541
7542
4627
4627
6025
6026
7501
3500
3500
3501
3507
3507
6089
6090
6091
221
7934
255
7845
7846
2086
2087
5364
5365
5366
171
1642
174
1643
1644
970
944
3267
11984
268
4646
4647
6114
6115
6116
276
1386
2832
2833
4342
4343
4343
4343
4337
4336
4337
1735
1736
5769
6142
6143
4662
4663
6146
7635
639
2169
5416
5417
5457
1791
644
1793
3988
4672
4673
4674
4675
2847
5396
2848
2849
2850
2851
2851
2852
2853
2854
2855
699
5100
4717
4718
4719
4720
4720
4720
4720
4720
4720
4721
1788
1789
702
703
704
705
706
3565
5447
3566
5449
5450
5791
5792
6153
5402
1793
1794
1795
5800
5801
5801
10533
5384
5385
5465
7594
5468
5468
2567
2567
2567
2197
2198
2199
3662
5111
2210
2211
2212
2213
6198
6199
6200
1827
1828
1829
5505
354
355
356
1835
5
3686
6
2243
1452
1453
1454
18
19
20
776
777
778
2958
2959
5519
2226
2226
7692
793
794
371
372
7328
374
375
6248
7339
380
3316
3317
3318
383
384
8408
8409
3322
5181
5182
5183
5184
5185
5189
7730
5191
5192
5193
402
403
4405
13153
13153
8072
13147
13148
5878
5879
1494
1495
1496
9902
3333
445
4438
9525
10666
10331
10332
10333
10334
10335
9973
9974
7111
3017
3018
4140
7392
1568
3387
3388
3388
3389
1570
1571
3372
3373
3374
7752
3375
3376
3376
7387
7388
7389
9981
5939
8535
8536
1188
1189
5954
4833
4834
4835
4836
8201
1199
1200
4128
8540
8917
8918
5196
5197
3371
3372
3373
3374
8894
3383
8896
88
8155
3022
3022
3023
3024
3025
4841
10355
10356
10357
10358
10393
4849
10369
3034
1908
5210
5211
5212
5213
843
10364
857
861
6301
9274
6746
12578
10361
10362
10363
1919
1920
12576
4234
4234
3130
3130
3131
3520
3521
3522
3523
3524
8648
8940
8942
8224
9328
3154
3155
3156
3157
8246
8247
8248
9028
8615
8615
8250
10802
9330
9331
8963
8964
9669
9671
9672
9673
9674
9367
9368
9369
10086
12306
9702
6801
6802
6802
9693
9693
9693
9693
9694
6804
6805
6806
10107
9702
6788
6789
6790
6796
6797
6798
6799
10091
10092
7142
7143
15878
9716
9717
7151
11158
12263
12667
12971
11539
11540
10099
12626
12627
8996
10103
9342
9343
9010
9011
9012
9749
8271
8272
8966
8967
8968
14548
14921
14549
15630
14585
16038
16039
9029
9030
15671
15672
14561
8299
8300
8301
8302
14196
10861
8304
7203
14203
14203
12342
13826
13827
13843
13844
6903
6904
6905
6906
15301
11590
13816
11592
11593
11594
8677
8678
8681
8682
8682
8682
9474
8319
9476
9477
9478
9057
9058
9059
9059
6895
6896
8664
6888
6889
6890
6891
8664
8667
11270
10210
15313
15314
6865
6866
6867
15285
15286
6923
15325
15326
13846
13847
13849
15688
9038
9039
9040
9041
9042
9766
9767
14198
15295
15324
13845
13846
11297
11298
3727
3728
3729
3730
3731
3732
13158
4416
8421
8422
8423
8424
8425
3347
3347
3348
7359
5909
12446
4420
4421
1499
12133
422
423
425
9934
2998
9533
9534
9535
9536
9537
9538
9539
14268
8807
9208
9209
9210
9211
14969
14970
9549
9182
9551
8459
8460
8460
14627
14978
9567
8466
8467
15727
15728
15729
13201
13202
13203
13204
13205
15395
13904
11369
15398
14296
14297
14298
15405
14315
14314
14318
14319
14320
14321
14322
7018
7019
7019
15396
15397
16103
16104
16105
16106
14644
14645
14645
7006
7007
13257
13673
13674
13675
13676
13677
13684
13684
13685
13659
13660
7036
7037
7038
7039
15118
15118
15118
7033
7034
7034
14011
12868
14363
14364
14365
14366
14368
14369
15828
15141
15142
15138
15139
12880
12880
14371
14370
14371
14373
14374
14776
14777
12867
14013
9583
9584
8480
15479
15480
8860
8489
8862
1541
13318
9233
9234
11772
9236
9237
9238
8871
8872
8873
10322
11068
11068
12138
11467
3001
3002
9247
3005
3006
4113
3008
7764
7765
7766
7775
451
7777
6657
6657
12133
463
9970
9971
9972
9973
9628
8954
8955
8234
8235
8236
9363
9364
10070
10071
10072
12611
8950
10110
10111
10112
7111
7112
7114
7115
7117
7118
7119
7120
9685
11532
6796
6797
6807
6807
12615
10093
10094
8988
7167
7168
8991
11164
11165
11166
11167
11167
9718
15882
12978
12978
12978
12657
12663
12981
11198
11199
13045
7173
14439
14442
9714
7144
7145
10098
8992
8993
8994
8995
8996
8997
8998
8999
9000
9001
9002
9003
9688
9008
9009
9010
10112
10113
10114
10115
10116
10117
9383
8284
8285
8286
8287
11883
3172
8572
8654
8655
8656
9769
14218
4281
4281
4282
4284
4284
4285
4286
9050
9774
9775
9776
9777
10144
10145
10146
8324
8325
8326
9784
9068
8348
9430
9790
9791
9792
9793
8366
8367
8706
8707
8368
8369
4368
4369
1449
1449
11606
1450
11615
8704
8704
8706
9795
9796
9797
9798
3231
3255
346
269
8020
8021
8022
8023
8025
4351
4352
4353
343
3248
7568
4325
4646
6113
4648
5763
4650
287
288
289
310
311
5016
5017
5774
5772
5772
5773
312
313
1811
1812
6197
6198
8012
1432
1433
1002
3212
4758
4759
7303
2937
6205
4034
2938
2938
7295
7296
2937
2939
2940
2938
2938
8031
2938
765
766
767
768
769
4040
4767
4377
5509
5510
1133
366
367
1141
1142
1143
796
797
6613
3308
3309
1156
1157
1158
9871
9872
9873
6615
6616
380
3316
3316
3317
3318
1162
1163
5869
5870
4400
9142
2982
7743
7744
7745
7746
7747
7748
6944
6945
6946
415
416
417
4435
4436
4437
4438
10671
10667
4438
4438
7367
3335
3335
11731
11732
11733
11734
434
436
3362
3363
3345
3346
9978
6680
6681
6682
6683
6684
4140
4141
3395
3396
8900
8901
8902
3398
4144
4144
4145
4146
90
91
92
3403
3404
3405
3031
3032
1906
1907
1908
1909
840
841
1917
1918
1919
1920
5217
6725
3034
3035
6306
6307
6307
6307
6307
6308
6309
1592
6311
6312
4524
5979
5980
5981
5982
5983
5984
6005
6006
3083
1629
1630
1631
886
887
2273
5248
5249
2299
4892
4893
6014
6015
1939
1940
7825
3762
3763
526
527
3777
5249
5249
5250
5251
5251
5249
5249
7453
3772
537
237
238
5716
242
6015
3099
3100
250
251
7933
7934
6387
6388
6389
6390
3494
3495
3099
3100
3101
4213
7520
4213
4214
4214
6026
6086
6087
6453
6454
6455
6092
6093
248
6426
6017
6018
4212
4213
6021
4628
4628
3104
3117
6445
6429
6430
6431
6432
6433
6434
4588
4589
8584
4591
8578
8579
8580
8581
8582
10400
6437
6438
6439
6440
6441
6083
4627
4627
6026
6027
6028
6449
3501
3506
6452
6453
6454
10488
10489
254
1699
1682
1683
597
939
553
554
960
961
962
963
3250
6473
4325
268
347
348
3236
999
1000
1000
994
994
995
3237
2825
4330
4331
2828
276
1385
7989
319
2840
2841
2179
5815
5466
5467
5468
5817
5818
5381
5382
1084
1085
5806
5807
5776
293
5812
5813
2842
2843
2844
1408
649
720
708
708
708
5445
5446
5447
3566
5449
6550
5402
328
329
1082
1083
5383
1416
2458
2459
6146
6147
6500
2168
1028
1029
1030
1031
1032
2905
2906
3560
702
5420
4726
7626
7627
1083
5821
5822
6179
6135
4656
4656
4656
6137
741
3668
730
5115
732
2928
2929
2929
2930
2932
755
6582
5120
5121
4040
4041
4042
4043
1837
1838
1842
4046
4047
2267
2268
8050
3294
3294
787
788
3296
3297
3298
3299
3300
3713
9132
9133
8761
8762
9863
373
5177
5178
5179
3322
5181
9486
4795
8779
8780
13869
13870
13871
4095
4095
5876
5876
393
393
394
394
394
394
395
396
397
7737
7738
7738
6631
6632
5191
4798
4095
4096
4097
7725
7726
7727
8076
8077
8078
4063
4064
7353
7354
7355
7356
15338
15338
15339
8892
6677
3375
3376
6680
4135
4135
9634
9635
9636
9636
4116
4117
7096
7097
7097
7772
7097
7097
8148
10016
7767
9641
9632
9633
9634
9644
3013
3014
3015
3016
3017
8554
3019
3020
10351
10352
10353
4841
4842
4843
4844
4845
853
854
855
856
861
10366
1921
10368
6725
10395
480
481
482
5230
5231
4856
4857
4857
5995
5995
117
118
119
120
121
5577
5578
5579
6013
6014
881
7460
3762
2685
2686
2687
4910
4911
5258
5259
5260
1951
1952
1243
1243
6357
4893
7824
3889
6397
3891
6399
6400
2086
6402
4203
3093
3094
2080
2081
235
236
539
3488
3489
3490
3491
4618
3493
3494
6381
6393
6385
5702
4607
7510
3496
3107
3108
3121
3515
3516
3517
3518
3181
4576
3174
4244
4245
4246
4276
6066
4268
4226
4229
12590
10430
10431
9320
8609
10041
8214
10045
10046
4571
4572
4573
10035
3521
3522
3135
10464
10033
3172
8604
7901
7902
8607
8608
8598
8599
8216
10853
3529
3530
3531
11945
11946
3115
4599
7929
7930
3103
3103
3103
7924
7925
4600
4601
253
9419
9430
4300
9433
7229
8365
7231
8706
8707
8708
9816
4360
3228
8737
8738
4320
4321
8732
5757
3267
3268
3269
3270
6113
3272
630
631
1010
1011
1012
284
1382
12034
6126
4334
8007
8008
4347
4348
4349
1430
1431
5833
8014
8015
7294
8016
8017
8018
8019
1007
629
5764
5765
1385
1386
1736
1737
1738
1739
1740
315
315
4344
4345
4346
6120
6123
6123
6124
6125
6126
4335
6119
7970
7971
6198
1430
1431
1432
7977
7978
7980
7981
7982
7983
7255
7256
7257
7258
5746
4753
4028
4029
4030
4031
2936
7309
2939
766
1105
2219
2220
2221
2222
2223
2224
11692
782
2235
9123
9124
3706
3707
2267
2268
7684
2958
2959
3298
369
1143
796
4389
4390
799
800
801
802
4790
4792
10231
2980
2981
4402
10235
10236
10237
6288
7725
7726
7738
7739
7740
7741
7742
7743
7353
13876
9900
5890
8433
8434
8435
8436
8437
8438
8439
9170
9171
1533
1534
9176
9177
9178
9910
9911
12826
15365
15366
15366
15372
15373
15374
8824
15376
8845
9560
9560
9562
9563
11350
15830
15831
15480
13307
9610
9611
9612
9613
15497
9224
8485
8486
9616
9617
9618
9619
9620
9621
1548
1549
1550
1551
9942
12941
12941
10306
12545
12546
12547
448
449
9632
7770
4137
4138
4121
4140
7392
6711
6712
90
4148
10353
10354
4842
3028
4844
8184
8185
8186
8187
9659
5193
5194
1185
1186
8905
8157
4126
4127
4127
4837
4838
3025
4841
4842
4843
4844
8562
8563
8165
8166
1194
1195
1196
1197
1198
4831
4832
8912
1195
1194
4835
1201
1201
6695
3025
3026
3027
8926
8927
8289
8289
8290
8291
8292
8293
8294
8295
8296
8297
8298
8288
4558
8290
3144
3145
12596
6759
6760
8944
12604
8253
9366
8255
8256
8257
7112
7113
7114
7115
8972
8974
8974
8976
9018
9018
9019
9020
9021
6765
6766
6767
6770
12602
12603
8945
8228
8229
8230
9677
8232
8233
9379
8957
8276
8959
10067
10067
8961
8962
9672
9672
8255
9750
6833
6834
6835
6836
8957
8958
8958
10061
10062
10063
9025
6768
8620
7193
7194
11882
7196
4558
8207
8209
8210
3145
3146
8213
8214
8215
8216
8217
6850
9042
6852
6853
11589
9768
9769
9047
9048
9049
4288
4289
11594
11595
11596
4293
8329
8330
9473
9474
9475
8693
8694
8695
8696
7220
7221
10149
4294
8344
4295
9472
9472
9473
9474
10166
10167
10168
8322
8679
8679
8680
8327
8328
8328
8328
4295
4296
9428
9429
7225
7226
9448
9449
8361
8361
9452
9452
9461
9462
4310
8354
8353
8354
4303
8376
8377
8378
8379
8380
8381
8381
7240
7241
9847
7242
9454
8364
8365
8366
8367
8368
8369
8371
9091
8745
8746
8747
8748
10185
10186
3301
27
8763
8764
8765
8766
1852
2627
2628
31
32
33
34
48
49
50
51
52
6623
386
387
4091
4092
4093
5192
5193
402
403
404
4415
4416
4417
6938
6939
6940
6941
4074
4074
3367
5887
5888
5889
5890
8085
8086
8087
8088
8089
8090
8091
9926
9927
9928
9521
9522
5918
5919
5922
5923
4451
4452
13885
8803
9178
9179
9180
9181
9182
9550
9551
6976
9185
9554
14627
14977
15714
6981
14288
13899
13900
13513
13221
15744
15744
15388
15389
13209
12851
12852
12853
12854
15479
15833
15838
15839
9614
14396
14396
14397
11454
7072
14040
9956
9957
9958
12523
12523
9227
9228
9229
9230
15851
1543
1544
11773
9592
9593
9949
11767
11768
11769
11770
8867
1558
1559
15872
10308
4469
3003
10327
10328
8879
8880
8881
8882
8882
8882
8883
8884
8551
8886
8887
8888
10348
4122
6686
6687
3022
8174
6698
6699
5959
4131
4133
9986
9987
7757
7777
7777
3013
9647
8529
3016
3017
7783
4553
5951
5952
92
4842
4843
4844
8184
8185
8186
847
847
848
849
850
9282
9283
10439
8655
8656
3185
10424
10425
7531
7532
4592
7534
7535
7535
7528
4257
4258
4259
3125
4261
6037
3128
3129
3130
3131
6752
10431
7912
3524
3525
8216
8298
8299
3172
7908
7909
7910
10053
10054
10055
10056
12598
11899
8618
6769
6769
6770
11900
8613
11901
8283
7192
10118
10119
10120
8631
9324
9325
3149
3148
8215
8625
10121
9386
3169
3170
9389
3140
3140
9391
9391
9391
9391
9392
3143
3143
9395
3524
3525
3168
3169
3170
3171
3172
7200
7201
7202
7203
4254
4593
4594
7539
3536
3537
13820
13124
13125
13126
13127
13127
4284
4285
4286
4287
4288
4289
4290
7219
7220
8339
8340
6877
6878
6878
6878
8342
7223
8342
8343
8316
8317
8318
8319
8320
8321
10200
10944
9417
9418
7934
7936
7937
9434
8364
12730
12731
7232
7942
7943
264
3229
3230
3231
3232
3233
3233
3210
3210
3211
994
994
3211
3212
7294
3213
3214
3215
9834
9835
9804
4320
4321
7951
5757
9820
5757
3251
3252
7948
4363
9840
9842
9843
9844
12735
8384
8385
8386
8387
9105
9106
9107
10188
10189
10190
29
30
31
1464
1856
1466
7697
7698
8392
8393
2625
8395
9880
9881
5537
5538
5539
1474
799
7703
7704
7705
5183
5189
5190
6632
5191
4798
4095
4096
4096
396
398
398
399
400
10980
10981
10242
4066
4067
9148
417
418
13882
9904
14613
14614
14615
6962
6963
6964
6965
9208
9161
9161
9210
9211
10266
10267
10267
10268
9543
9544
9545
9546
9547
9547
8107
8108
14973
14973
12841
8833
8834
8835
14975
14975
14975
14975
14975
8831
8831
8831
9555
9556
9556
9557
9557
9557
9558
11041
11041
15145
14373
14374
14375
14771
12873
14015
14015
15831
15479
15480
8128
14036
9231
7072
13315
13317
13318
8511
8512
7077
9237
1546
1547
7082
7083
4468
3002
3003
8519
8520
8521
8522
8523
8524
8527
8528
8529
8530
8531
8532
12550
3381
3381
7751
6677
6708
3383
6710
88
3395
3396
7395
7396
7396
7396
3399
8921
8922
8923
8158
8925
8204
1192
8195
1194
1195
4835
4836
6700
6701
8902
8904
8905
8906
8158
8908
1190
1191
1191
1192
8934
8935
8936
848
848
8929
8929
8929
8209
8210
8212
3146
10041
6759
9328
9329
8252
10804
10071
10072
10073
10074
9374
9375
9376
9377
7112
7113
7114
8276
8971
8972
7116
8265
6775
6776
9753
6835
6836
6837
6838
6838
8959
8237
8237
8238
8239
8240
8241
8241
7116
8266
9333
9334
9335
9336
9337
9338
10094
10095
10096
10097
7146
7170
7171
10100
10101
12628
12629
7176
7177
7178
7179
7180
7181
9707
9688
9688
9353
7183
7184
7185
6830
10079
8232
9679
6834
6835
8241
8241
8243
8243
8244
8245
8279
10063
8281
8281
8613
6768
15998
6846
6847
15672
15657
15658
13853
13852
13855
13856
13857
6917
8299
8300
8301
9405
8303
8305
8306
8307
8308
4287
13115
13116
9411
13118
13119
13121
6886
6887
6888
6889
9776
9776
7216
4290
4291
4292
9783
9784
9785
10181
10182
9425
9426
4297
4298
12725
4312
4313
4314
4315
7942
10498
10905
9823
9824
9809
4365
9843
9844
9845
9846
9847
4308
4309
9444
9101
9787
10154
9787
9787
9787
9070
10183
10184
8749
8750
8751
12765
12766
10194
8310
8312
8312
9419
10180
8689
9104
12371
10942
8042
5522
3703
3704
3705
3706
3708
3709
3710
3711
3712
3713
7695
7696
1468
1470
1471
4822
4823
4824
4825
4826
1478
1479
12437
4065
4066
3330
4419
4420
1498
1499
9530
4451
9199
9200
11005
9202
9203
8806
8807
8808
8808
10285
10285
10286
10287
9923
9924
8091
8092
8093
8093
4462
10259
10260
6960
6961
8453
8454
8455
8456
6973
9551
9552
9553
9554
10278
10279
10280
1516
14271
14272
14273
9928
9930
9931
2997
6957
9154
9155
9156
9157
9158
1538
1539
1540
6965
6966
6967
6967
6968
15494
15495
15496
8124
14028
14029
14030
14024
14024
15499
15499
15499
15503
15503
9609
14396
14396
8499
8500
14037
8862
7075
7076
7077
7078
7079
7080
1547
1548
1549
12157
10320
10322
9624
9625
9626
9627
1564
1565
469
8555
8556
5952
3403
94
6721
10358
854
856
9276
9277
9278
8165
8166
847
848
849
850
7792
852
853
854
6737
9260
9261
9262
844
845
846
4511
4512
8571
3031
3032
6304
7803
3048
1591
1592
3066
3067
4524
4525
4526
4526
1612
485
486
2659
2660
2660
6437
10401
10402
10402
9312
9313
4585
4585
9306
9307
9308
10404
10405
10406
10407
10429
10430
7892
8597
8598
3148
3149
3149
3150
3151
8943
10802
6773
6774
8267
8981
8982
8983
8984
8985
8986
9351
14419
9353
6827
6828
9011
6830
10081
12609
9335
9684
9685
9686
9688
9007
9008
6828
7186
11565
7111
7113
8957
6838
7115
7116
7117
7118
8229
6782
6783
6784
10086
10087
10088
9740
10076
8952
8953
8954
7112
8259
7190
10116
10117
7192
10119
10121
10122
8217
8218
8636
8637
8639
8643
3142
3143
11241
11242
14177
12685
12686
16020
15676
15677
14194
14195
9044
13815
13816
13817
11276
10142
9053
13118
10198
10174
10175
10176
10177
10178
7934
9068
9786
10160
10161
12758
9466
9467
4296
8347
8348
4298
4299
7936
7937
4302
4303
9455
9455
9456
9459
9459
9459
4308
9462
9463
9095
9788
10157
9789
8352
8352
8353
8354
4303
4303
4304
4304
4305
9437
9439
9440
8357
8358
9849
9094
10162
9425
9426
9426
4295
4295
8329
8330
8332
8318
8319
13103
13104
13105
8390
10209
6900
6901
6902
13845
13138
5182
5166
5167
5168
5169
5170
5171
5172
5173
1149
2973
2974
1896
1475
4056
1477
10977
4094
4799
4800
7736
7727
7738
4061
1492
1493
1494
6647
13161
13162
8087
11744
2992
2993
9929
8443
8444
11738
3342
4427
4428
6654
12131
9151
9152
7376
2990
6957
6958
6959
6960
6961
6962
6963
1539
1540
6966
6967
12482
8819
8820
13181
16082
6972
6973
6974
9184
9185
9186
8462
8830
8843
8845
8110
8111
8112
8113
8114
6979
6979
14982
14981
13508
15726
16089
16090
16091
16092
16092
16093
16093
15470
15471
15471
11436
15133
15134
7065
7066
7067
12928
12929
12930
12528
7077
9598
8505
8505
1554
1555
1556
1557
9591
9592
8506
8507
8507
15856
15493
9212
9213
15496
15845
9226
14048
15509
8121
8484
8485
8127
8128
8129
8130
8131
1545
1546
8871
7082
8874
9246
9247
9248
7110
7111
9976
9640
9641
7775
7776
7759
7760
7761
3015
7096
9631
9632
9633
9634
7777
7777
7778
8550
8529
3016
8553
8554
4504
4505
4506
94
8183
4509
8166
8167
10008
5958
12225
5946
4133
4134
4135
4136
8241
6777
9755
6778
8267
6780
6781
8230
8255
8256
6832
6832
6778
6779
8982
8983
9349
7134
9351
9004
9005
9006
9006
7177
7178
6791
6795
6796
6797
6797
9734
9734
10089
10090
6787
6788
6789
7180
7181
9004
9005
9005
11151
11152
11153
14443
14444
8990
15879
7149
7150
7152
7154
11176
11177
13327
13328
14500
12289
12290
12274
11200
10102
10103
10104
10105
9699
9372
9372
9372
9372
9372
9373
9373
11515
11515
11515
10077
10078
10079
6832
6832
6833
6833
6833
8965
8966
9670
9670
10837
8965
8244
14162
15271
15272
15633
15274
6919
6920
6921
8304
7203
13832
13833
13834
7212
7213
7214
7215
7216
7217
7218
7219
7220
9066
9067
9068
7224
10154
9099
10156
9448
7227
7228
7229
4313
7940
7247
7248
7249
7250
3252
9833
9836
9836
9837
9838
9839
9840
3224
3224
9825
10907
10897
10897
10897
10898
7944
7944
4360
4361
4361
8734
4362
4363
9084
9085
9809
3226
3227
3227
3229
3230
8712
3219
3220
8727
8727
9801
9803
9804
9805
9806
4364
4365
8742
9089
9090
9091
12753
12754
9463
9464
3709
3710
24
25
3301
2612
2613
1463
1464
1856
8761
7698
7699
373
374
375
376
377
378
379
7335
7336
7337
377
73
379
6251
6252
5173
8767
8768
8769
5538
8772
4824
4825
4826
4401
3726
4403
4404
4405
4406
4407
4413
4413
4414
4415
4417
4418
4419
1497
9150
8800
8801
14264
14265
14266
14967
14968
14969
13891
13893
15364
15367
15368
12828
12829
10283
12465
8809
9166
12474
10298
9169
8092
9171
8442
9195
9195
9196
430
10253
10254
10255
10256
10257
10258
10259
10259
10259
1551
1551
1552
1553
1554
1554
8507
8507
11767
8509
8510
13316
14039
14040
15858
8493
12523
12524
15850
12515
8130
8131
14405
14406
14407
12142
12143
12144
7106
464
7108
466
6661
6662
9630
8888
7385
8890
6683
6684
6685
3367
1569
11817
8544
8545
8546
453
454
463
464
7109
9249
5931
5932
7384
8890
3382
3737
3738
6687
6688
1189
1190
4833
5956
9660
9661
5945
8545
4500
7758
7761
4118
4119
4119
8151
4552
4504
5203
4506
473
7408
9258
9259
9276
9277
845
846
9281
4512
11885
11886
4574
7902
3521
12594
12595
12596
12597
10794
11899
11879
8284
7897
7898
4572
4573
4574
10036
3521
8607
8608
8609
8610
10783
3154
3155
3156
8278
8279
8280
8279
12231
10059
8263
8264
7117
7118
7119
8948
8949
8950
9372
9374
8952
8952
9012
6831
9346
12250
6782
6783
6784
6785
9371
9372
9700
9701
6808
6809
7141
7142
8988
8989
8990
7169
7170
8994
8995
8996
8997
7176
9733
6798
6799
6800
9373
7123
7124
7125
7187
7188
7189
7190
7191
9383
8623
8624
8631
9386
9387
8218
12684
16008
15643
15644
15645
15646
13064
16004
6918
6919
9766
6921
9045
8305
9771
9772
4288
7215
7216
7217
7218
7219
7220
7221
8326
4294
8347
8347
9785
9786
9099
9788
9447
9100
9100
9422
9423
9465
9466
8317
8318
8334
8335
8335
12374
10205
10205
11283
11284
9414
9415
9416
9417
9418
9067
9069
9070
9071
9103
9104
8388
8389
8390
8752
8753
8754
8755
7212
7213
7214
8675
7217
9412
9413
9414
8695
13092
13093
13093
10170
10170
9477
8389
9479
9480
6900
6900
14210
14211
14214
15321
7336
4780
4781
4782
6624
5550
6625
4793
6280
5165
5161
5161
5162
5162
4794
6282
6283
390
5193
8069
8070
3729
3730
3731
3731
13157
8793
8794
1496
1497
1498
1499
1500
1501
1502
1506
1506
9933
9934
9935
9936
9937
9938
9174
9175
6960
6961
6962
6963
15359
8813
8814
8815
11035
15372
14284
16083
9549
9550
9551
6976
8461
9186
9188
9188
9917
9918
9919
9920
9164
9165
12106
10301
10302
4457
4457
4457
4457
4457
11748
11749
12474
9924
12105
12106
10288
10289
1529
1530
3358
8441
4467
4468
4469
12142
12143
12144
12145
12146
12147
12148
4476
9942
12154
4465
7083
8873
3001
3002
3002
8518
8519
8520
8521
6654
6655
6656
6657
6658
6658
465
6659
11801
3007
3007
3008
3009
4115
4116
4117
4119
4120
4121
4122
3020
3021
7787
8158
8159
6719
6720
6721
6722
6737
6738
6739
6740
6742
1919
861
7799
5217
7801
6725
4155
4156
4158
3040
5212
5213
7418
1920
833
6739
9276
9276
844
10029
9265
8187
8188
9267
4097
4098
3029
6721
6722
3032
9286
5219
1924
1925
4280
4281
7536
9304
9305
9306
9314
9315
9316
9317
3516
3518
3180
3181
3182
3184
3531
3532
4255
4256
8586
4222
4223
4224
4252
10453
10454
10455
10456
10457
10458
10459
10460
10461
8597
3524
3525
3170
3170
3171
3172
8572
3183
11937
11938
11939
4270
4271
4271
4250
4273
4273
10479
10480
10481
10423
10424
10425
10426
10427
10428
10429
10430
10431
3134
3135
3137
8937
8938
8208
3138
7906
7906
8603
8604
7880
4235
4243
4244
4245
4246
7884
4276
4277
11943
4581
4594
3113
3114
3539
7554
7555
9076
9077
7229
9793
7231
7941
263
9082
9082
11672
4365
10908
10909
10910
265
4318
8712
3217
345
268
7983
7255
7256
7257
11652
1729
4735
1382
12034
632
6125
2830
1386
2831
4654
2838
2839
2840
2841
2179
2180
5380
5381
5382
5803
2457
2458
5385
5386
5466
5379
1797
3999
2165
2166
2167
639
640
642
5433
5434
5795
5796
713
646
647
3933
1393
1394
6174
7626
5462
5463
2459
2179
10541
10531
1023
1797
5801
2181
1801
6178
2176
12020
7280
1360
1811
4731
4732
4733
2929
4751
4751
7666
7666
4749
10582
10583
3673
3674
3675
3676
3677
3678
1094
1095
5488
4038
5490
6218
2592
2593
15
11
12
13
2948
15
1454
1455
1456
5152
5153
5154
5155
4054
10956
10957
10639
5873
5875
8788
8786
4800
4801
4802
1904
1905
10967
40
10969
10970
10971
9873
1153
7347
387
10975
4057
4058
4059
7728
5187
7729
5191
13141
6285
15331
2983
12798
12799
10984
10985
10986
10987
14258
5901
14253
10664
10665
10666
10667
10668
10669
10670
6654
7369
10663
7366
7367
7368
4429
7762
7763
7096
7765
10017
7771
7772
9978
9632
9633
9634
9635
9645
9646
10341
4115
7762
9638
9639
10017
4552
4553
4554
12207
8557
8909
1197
1198
10388
1191
3028
4099
4844
12570
4846
10032
10728
10729
864
10731
6294
6295
6296
830
831
6300
9274
12574
11853
11854
843
9263
9280
6734
10032
10709
10710
864
1218
1219
1220
1928
1601
1602
1594
1596
1928
5227
5239
2285
497
498
1621
1622
3078
2641
2678
1625
2680
2670
2670
2671
2671
3759
2671
4540
4541
2280
5584
5585
5586
4255
4256
8586
4258
10444
10445
7888
12590
12590
12591
12592
3135
7904
3136
10466
4560
4561
12596
10056
4564
4565
12234
12235
9027
4568
8620
8621
8622
9326
11898
10042
3151
8617
11878
8613
12600
12601
12602
6772
9330
10069
12605
12606
12607
12608
12609
12610
10827
10828
9703
6789
7136
6797
9009
7124
7125
7126
7127
7128
9671
7118
10071
10072
10811
10074
10075
9741
8951
8953
8954
7112
9015
9016
9757
8239
8240
8244
8245
9023
8262
12245
12246
6763
6764
3158
10116
12680
12681
11882
8602
8603
8604
12328
12329
12334
6906
6854
6855
15319
15320
15321
15322
10214
14216
14217
9770
10139
10140
4288
9052
9053
9054
13090
9056
6886
6887
9059
12378
12362
9112
3193
12746
11600
9793
9795
3205
7249
4318
8739
8740
3223
4356
3225
9811
9814
9813
9810
10908
9812
9813
11671
9083
9086
9810
9811
3227
3228
8710
11968
268
7254
7984
7256
7257
7258
5748
1729
1729
11651
10513
8024
8025
4351
1444
352
11668
10895
9086
7237
7238
9089
3200
8372
12752
9093
9850
9851
9118
9119
9120
8696
9781
9782
9123
9124
7323
7324
7325
11701
11702
797
10973
10974
7349
3725
4828
12787
4800
4801
4802
4803
1905
69
12416
74
10631
10632
10633
9498
1475
1476
4091
4092
4093
4094
12793
8791
8792
8793
8794
12800
10653
416
10655
14254
4071
8426
8426
3347
3348
12443
13878
4068
4069
417
418
419
13882
2989
9905
9155
9156
8437
11749
11750
11751
11752
11767
1539
9205
1540
14270
14271
14272
14273
10288
15355
6961
8453
14617
8099
12457
12458
12830
9918
10283
12833
12477
8813
8814
8100
10269
10270
8107
15511
15512
8845
8846
12507
12508
12509
12510
12511
8482
14027
14028
14029
13300
12914
12920
13305
13306
12514
12515
9962
8132
12933
11775
11776
11777
11778
14405
11465
12156
7086
14416
12137
12138
10319
9243
9244
11088
11089
14416
8136
15876
11128
11129
1555
11462
11463
8132
8133
9623
10322
7085
7085
7086
5927
4109
458
8877
460
11784
5923
5924
5925
4108
5928
5929
8144
4113
6655
7101
7102
445
10334
12171
4483
11786
4474
4475
10317
1552
1553
12934
12519
12520
11082
11462
11463
12517
12532
9600
12946
15878
9720
12979
12980
11175
12956
12957
12656
11176
12661
12662
7159
12982
12983
12984
12670
14420
14419
10102
12629
12630
12631
9710
9711
9712
9713
7167
8990
7146
8992
11166
11165
6819
6820
6819
7147
7148
7149
7148
11158
7152
7148
7149
7150
15882
12977
7154
9721
9722
9723
13776
14452
14055
15525
15526
15525
15524
15525
14460
14462
15963
14478
14139
13772
12659
15898
12958
12959
7159
7160
7161
7162
11147
6826
9355
9356
9357
9358
11568
7129
7130
11909
8948
12252
12253
12254
8232
10080
11494
6778
6779
11912
14160
13057
12320
12321
12322
12323
14590
9036
16010
10129
10130
15647
9032
16004
14168
14169
9400
15636
9395
14565
9395
9396
6916
6917
9400
13860
15277
13074
15280
15281
10860
12335
12336
12337
8305
9047
7210
7211
7212
7213
13114
7213
9062
8664
9054
6887
12770
12771
12772
6898
6899
13839
12355
12344
12345
9409
9410
13117
7217
10202
10198
10198
10172
10173
10173
9413
9413
13119
13122
13106
10188
13125
6900
9482
9483
6926
6927
6928
14558
14559
16015
15651
11227
11228
10129
15646
14571
16041
16042
16043
16044
8432
8085
13162
13163
13164
13165
8444
11331
1522
5923
6953
14601
6954
2997
2997
2998
3000
7379
11318
8445
11729
11730
422
423
424
6954
6958
15703
8096
8097
1511
9180
9181
9182
16085
13189
13190
8114
8115
10278
9187
9187
9556
10272
15377
15379
15380
15381
15382
15383
6993
15385
15386
15387
7019
7008
7009
6993
13517
13518
13908
14298
13521
13912
15412
15410
13912
13913
13914
13915
13916
13916
13917
13918
15404
6998
11399
11400
7002
11383
16113
16108
15403
15404
15405
7000
14314
14315
14316
14312
14312
11408
15421
15422
15423
11402
11403
11404
11421
15792
15793
11406
11421
15425
15442
15426
15424
15421
15422
15424
15798
15799
15800
15801
15802
14733
15806
15807
13270
15462
15463
15129
15131
13660
7040
14008
14362
13274
15822
7046
7047
14370
7058
14372
12872
8115
11044
8856
15479
15480
12513
8488
8489
9232
7072
7073
15488
15853
15854
15869
11083
11084
11085
11066
11480
10324
11481
11481
11481
10314
5925
11069
15877
11116
11116
12154
4467
8516
11466
11468
10326
12169
12170
9972
9973
3006
10674
3007
4115
4116
9638
9639
9680
9757
9758
9759
10841
7129
11208
11209
11210
11211
12303
12301
12305
14429
11530
11531
7135
7136
9009
14427
9742
9743
9743
9744
9369
9370
9369
10813
6786
6787
6788
7136
14426
10105
10106
6807
11508
11509
7135
11548
11549
12632
12633
12634
12635
6820
6821
11156
11558
11559
11560
11561
7176
7177
11533
11534
11535
11536
11537
11538
11162
11163
7169
7170
7171
12627
8996
6826
6827
9343
7185
9357
7111
8233
11915
8236
8237
8238
8975
8244
9760
12679
12243
11928
11897
11898
10043
10044
4569
10047
7898
4572
11247
15279
10860
8303
6870
6871
6872
6873
8311
8312
9066
7934
11958
9077
4313
7230
8367
8369
4370
1449
11677
9439
9440
9441
8373
8374
8375
9434
9435
9436
9437
7245
2090
2090
3206
10912
10913
2824
7582
7583
10514
274
12034
7967
4334
4335
4336
4337
4338
4339
1376
1377
12001
12002
12003
12004
5831
11658
11659
11660
11661
3238
7581
272
5742
5745
8023
8024
5745
5747
8025
1000
5748
11644
11645
11646
3239
3240
999
350
351
5753
5754
5755
5756
4363
4364
9088
9843
1448
1449
3685
1453
5127
5127
1836
1837
1838
4044
4045
1841
361
1843
5139
5514
5515
779
2252
2253
2237
3706
9126
1888
1889
5153
5154
5863
5864
5865
6248
3317
2974
2975
2976
2977
6624
4399
12780
4092
4093
8414
13872
402
7743
4065
4066
4418
3351
10246
5893
5894
5894
11739
13168
8447
7375
7376
7377
7378
3000
3001
8444
5917
5918
14610
14611
14612
1524
3355
1526
1535
1536
10295
10296
10296
12474
12475
11766
12474
12474
9924
12105
12106
10301
1534
10293
11747
10295
10296
10294
11753
11753
8509
8510
8511
13320
7077
8504
8505
9593
9595
8140
8140
1560
8516
8517
3003
14410
11097
462
5923
5925
12136
11472
7087
7088
11467
11468
11469
14409
7107
12170
12191
8520
3005
10338
8529
8530
9630
9977
9978
4120
6683
6665
6666
3386
3387
3388
3388
3389
1570
4498
5199
3378
5948
5949
11809
11810
3368
90
8906
3402
6689
8925
3028
10704
10705
12570
4846
6735
12573
12213
1181
1182
4828
4829
4830
11827
1190
10702
8928
848
1191
8569
8570
10033
10392
10721
6740
12579
12580
12576
12582
10474
10475
10476
10477
10478
4272
4248
4249
7888
7889
10430
3179
3135
11891
10780
10781
12597
8611
11899
10797
8283
8284
8285
8286
8287
8288
10033
10034
7901
10036
10037
12594
12595
12596
12598
10042
12600
6769
6769
10793
8612
8613
8619
6769
6770
10796
3153
10802
9330
10069
9365
8254
8269
9677
8257
11567
8260
8261
8262
8263
3155
3156
3157
8279
8261
12232
11878
10798
10799
11577
11878
7896
7897
4571
4572
10438
10439
10440
10441
10442
10443
4227
4250
4251
10482
10483
10484
10485
10486
4598
4599
7924
10169
10170
8336
8335
8336
9782
8698
11598
11599
11600
11601
11602
7245
263
10496
10889
3206
10912
3209
3210
994
2822
3260
3212
7294
1004
8015
8725
3220
8727
9835
7264
3254
6474
3232
6475
4646
1006
1007
10512
10513
4736
4735
1382
285
1384
7967
277
278
6120
8009
11639
11640
11641
11642
1729
274
11996
276
7988
4653
2833
2834
2837
2838
1808
5771
6495
294
295
296
296
297
298
299
334
5823
6195
1377
1378
1379
304
7965
7966
7968
1440
1441
1442
8012
1433
1434
4742
5846
5846
10584
4753
8026
5848
5849
757
757
758
1122
1123
1124
1124
2598
2599
1128
1129
2247
2248
3694
5860
24
25
371
372
7700
6246
6247
74
12418
12418
4808
12421
2617
4384
4384
4385
6608
2610
2964
371
372
3721
3722
3723
3724
3725
14240
14241
9512
9513
5891
9515
8087
9906
9156
9157
9158
11750
11751
9164
10299
10287
10301
10304
10305
8093
9172
9929
9520
11736
9522
8445
5920
4425
4426
4427
4428
4428
5899
5900
5901
16068
10660
7368
6654
7372
9528
6950
6951
5924
14415
14415
11070
11071
3001
3002
4470
10310
9968
9969
10313
10314
10315
4475
10317
9942
12541
12542
4465
10319
9239
9240
9242
12543
12186
11072
11077
11078
12184
12175
11064
8515
11479
11480
11796
11797
4471
4472
4473
11100
5926
11072
12161
11061
11116
12165
12166
12167
8134
10317
4476
4477
4467
4468
4469
4470
11798
11799
6660
6661
9975
449
8147
8148
4137
8150
8889
8890
3381
9999
3737
3738
10002
5953
3403
3028
851
8162
9657
9658
4828
4829
4097
4098
4099
1180
1181
1182
1183
1184
6760
3154
3155
9025
9026
10787
8248
8615
8616
10785
10786
8249
8250
8251
6773
6775
11573
8246
8260
10843
10844
6773
9331
9333
9674
10082
6782
11212
11213
11214
10808
9347
14430
9337
14432
14433
6814
6816
6817
12970
12669
12985
12986
14447
9722
12643
9724
13041
12290
9728
9729
9730
12299
11534
11549
12259
12268
12990
12991
12650
14135
13766
15962
15962
9726
9727
13043
14873
12625
7173
6824
6826
11562
11527
11528
9733
11505
9371
9372
9699
9700
6786
9373
10109
6797
9697
9698
9373
8952
10077
10078
10079
13055
13056
13058
11223
11224
11225
11226
15674
10133
11245
13805
10856
10857
10858
10859
13077
13078
10858
6868
6855
11254
7203
7204
14207
14208
14221
12701
11274
13086
11593
11594
13089
11282
10207
8751
10209
11271
11272
11273
3189
12345
13087
13116
13089
10876
8696
12381
8698
9114
9420
4301
9422
9849
9850
9118
9119
10942
10169
10205
6884
6884
10174
11285
11279
10146
10147
10148
13097
13098
13099
9468
8316
4296
12716
4296
8315
12760
12761
9106
12351
12352
9482
6902
13135
13078
13138
13812
13813
11250
12694
12695
71
6623
8409
807
808
5553
5554
5170
5171
42
12073
4808
4809
4816
1858
3719
3720
79
3722
4391
4392
14236
14237
5165
5189
7707
6283
5192
4063
9144
403
404
405
411
412
412
413
414
6947
6948
15696
14262
14263
13884
8451
8803
13887
14617
13889
11025
11026
8817
8818
8819
9543
9207
9208
9920
10284
10286
12106
10293
10294
10295
10296
10296
9923
11752
11766
13177
13178
14281
9541
8815
9544
9546
16082
16083
14621
11345
11346
14988
14990
13199
14636
13200
13201
13202
15734
15735
15736
15819
15820
9582
15135
15136
15137
15138
15140
13286
15830
15831
15831
15832
13307
14396
9616
9961
8130
8504
8505
11120
11121
9603
9957
9958
9959
15850
15851
14401
9589
7077
9591
12932
12933
12950
12948
12949
4462
4463
4464
4463
1549
1549
4464
4465
4478
8142
8143
8144
8145
8888
8889
8151
7391
5934
3376
3377
5936
5937
5201
5950
5203
4506
4507
9655
8184
8185
8564
4510
4511
850
4845
4846
7794
7795
855
856
6745
6746
6739
6746
1912
836
3045
837
3034
3035
3036
3036
4158
10373
7889
3178
3132
6752
10038
10039
10040
8610
8611
8612
8614
6771
8250
8251
8227
10805
8254
10807
10808
9347
6784
7121
6785
12306
7139
7140
9704
10093
10094
6812
6813
11156
6815
12968
12983
12293
6823
6824
8996
8997
11149
11150
11535
7143
8988
14434
12985
12986
7149
11172
9719
9720
14487
9723
13327
13037
13038
13333
15528
13335
14134
14135
14136
14137
13770
13772
12661
7157
14483
14483
14485
12656
7158
7158
14142
14871
13044
6818
6819
12265
11558
14420
9342
9343
9344
7187
9359
9380
3158
3159
3160
10851
14554
9035
10125
13069
9399
15684
13869
13869
16022
9403
9404
6920
6921
13083
14199
14201
14202
7205
4281
4284
4286
4286
4288
8675
8675
8677
7219
10204
11955
12719
12720
12721
8680
6877
6878
6880
6878
8341
8342
8343
8328
7225
4298
4299
4300
4301
4302
8376
8704
8705
7232
8380
8381
8744
8745
8746
8385
12759
8333
8334
8335
8336
8698
8699
10885
8701
11601
11614
8371
8382
9092
9847
9848
9443
9444
9423
9424
9425
8318
9104
8388
8389
8751
8752
6894
6895
6896
6894
11267
11268
11269
47
49
7329
5178
5179
2977
2978
61
10224
6281
6282
5190
7731
4798
4799
7735
9505
398
399
13871
10979
7715
13150
8417
15333
4416
4417
10984
4068
10654
4070
14247
14248
14249
14250
441
417
4448
9904
9905
8088
3356
3357
15353
12469
12470
1536
1537
1538
1539
12835
15361
10267
10268
8102
9918
9918
9919
8809
9210
8811
12822
12823
6970
14970
14971
14972
14973
14974
14978
8465
12857
8467
8468
15380
16096
12497
13210
8477
8478
8479
15721
8463
12843
8466
14288
15716
6984
13214
13214
13215
14379
14379
14010
12895
12896
7043
14364
14365
12901
12902
12903
12904
12905
13282
13283
13285
7054
7055
7052
13286
15143
11444
7059
7060
7061
7062
14007
14008
15117
12865
12866
14380
14381
14382
14364
14365
14365
12872
12873
14386
14387
14017
13289
13290
13291
13292
14022
13297
13298
13300
13301
11050
14030
13300
13301
12914
11053
12916
13300
8845
8845
11042
11043
8117
9586
9587
9588
1544
12531
12532
12951
12534
12949
12950
12951
4462
4463
8140
12154
1548
1550
1551
1552
1553
12534
12535
12533
9599
9600
9601
9602
14448
12657
15897
14482
15900
14143
14143
15888
15889
15890
12979
12980
12981
6816
14872
6818
6819
6820
7148
9717
9718
9718
15883
15884
15885
7158
7159
13320
14872
6818
12972
12973
14446
14447
14448
14449
14450
15512
15513
15514
13008
13009
15531
15166
15167
15595
15596
15597
14860
14129
14862
14131
15528
15529
15530
12997
13348
15169
15170
15536
15537
14784
13690
13691
13692
13698
13699
13700
13694
14071
13696
15220
14857
14858
14859
14860
13767
14865
15963
14461
14462
14051
12645
12646
14491
9725
12272
12290
9727
12666
7162
6825
13476
13477
14908
14529
14532
14543
13792
13792
13794
13795
13796
14162
14163
14164
6845
16001
15648
10131
15649
9034
12683
12683
12685
9399
9400
15677
14194
15278
13808
13809
12332
14187
13812
13813
14196
6855
6856
9769
9770
12345
11276
11277
13117
10876
10200
10201
10202
7220
7221
8339
10149
4294
8329
9473
9474
8319
9476
9477
9478
11290
10188
10189
13126
15307
13837
15307
10191
9050
9051
9052
9411
9054
9055
9055
9056
9057
6887
8665
8666
8667
8668
8669
15310
15311
14228
14229
14230
14231
14232
15326
15326
5182
4794
1168
5192
6635
10235
8070
8071
10238
6642
6643
7717
12795
4405
4405
6639
10238
3730
3731
3732
6935
2984
2985
2986
9515
11315
11316
11317
435
8445
11729
14611
8448
12450
8450
4453
1526
11021
9203
11012
11013
10265
14282
9547
14970
14971
14972
13895
9559
9560
13506
11347
9567
9567
11348
14985
14986
14987
14988
14989
13510
6984
6985
6986
6987
6988
6989
6990
15393
15394
15737
15737
15737
15737
15738
16093
12862
12863
12863
16093
16094
15741
14292
14293
14295
14296
15400
15401
16110
16111
7003
14747
14747
14749
14748
14749
14748
14749
13267
15459
14752
14762
14342
14343
15810
14326
14326
14328
14329
13667
13669
15454
15453
15454
15455
15453
13670
15806
13672
13673
13673
15434
13669
15435
14736
15456
15457
14736
14736
14750
15459
15460
11430
15114
15115
14346
11439
11440
7046
7047
15828
15829
13287
13288
12877
12878
12878
15140
15141
13280
12905
12906
12906
12907
12909
12907
12908
12909
12910
12911
12912
12916
12917
11049
12915
14020
14021
14022
12511
8119
15481
8488
8489
7072
15484
9230
8862
7072
8863
8864
7074
7075
12982
14872
7153
7153
7154
14448
9722
9723
9724
14476
12645
14473
13775
13776
14452
14453
14454
15514
14456
13344
15518
15517
15518
15517
13339
12996
13010
12998
13011
15169
15157
14781
15535
15172
15173
15174
13369
13370
14815
13386
14827
13394
13395
14833
14834
14805
14110
14842
14812
14813
13357
13358
13386
13379
13389
13390
13359
13360
13359
13373
14829
13738
13744
13745
13746
13747
13359
14828
13373
13374
13375
15208
15209
15211
15212
13730
13363
13364
15558
15559
15560
14081
14082
14083
14085
14786
14087
14088
14089
15922
15578
14841
13417
13418
13497
13497
13498
13412
13497
13498
13499
13500
13501
13502
15604
15239
15239
13432
15239
15240
15241
15241
15240
15241
13429
14508
14509
14510
15607
14143
14144
14145
14146
14147
14148
14959
14873
14523
14523
14524
15613
14894
14895
15617
14897
14898
14899
14900
14901
14902
14903
14888
14889
14890
13475
14525
14527
15619
15979
14530
13479
13480
14951
14952
13463
13464
13047
13048
13455
13456
14518
14951
14952
14953
14521
14962
14523
14961
14962
14876
14877
14877
14508
13778
13503
13500
13419
13419
13419
13420
13421
13422
13422
15721
15722
6980
13188
8112
14983
13196
6983
14290
13900
14292
14293
14294
14641
6995
13907
14651
15754
13910
15409
15003
15011
15012
15013
15014
15015
15016
16127
15773
15774
15775
13955
13955
16130
16131
14661
14662
14663
14664
14665
14666
14661
13950
14662
14663
14664
14665
15030
13934
13935
13936
13938
14671
14672
13952
13953
13954
15028
16134
16135
16136
15033
15035
15041
15042
15043
15044
15043
15050
16139
16140
16141
13584
13584
13587
13589
13593
13594
16147
16147
13575
13576
13576
13577
13577
13577
13578
13580
13578
13578
13579
13580
16162
16157
16158
16159
16160
16161
16162
16168
15058
15058
15059
15067
15067
13614
15068
15073
16233
16234
15082
13608
15075
15082
15087
15087
16195
16195
16194
16195
16194
16195
16196
16197
16198
16199
16200
16199
16200
16201
16201
16202
16204
16211
14698
14699
13974
13975
15095
13989
13990
13977
13978
15104
14724
15107
14726
14338
14339
14340
14341
14324
15809
13685
13686
14357
14358
14359
7030
15121
15122
15123
15124
15125
13247
13248
13248
13254
13255
13256
13257
7022
7023
7024
7025
15809
15810
15811
15126
15126
14355
7027
7028
13403
14083
14787
15219
15220
15221
13020
13020
13023
14068
13025
14789
13020
13021
13022
14070
14071
14792
14794
14795
14094
14095
15175
14799
15199
14801
15199
14846
14801
15203
15203
15204
15206
15207
15208
14819
14819
14819
14819
14820
14821
14822
14822
14824
15212
14828
14828
13742
13743
15200
13743
13747
13743
13744
13745
13746
13747
15202
15203
13740
13741
13742
13738
13739
14833
14118
14119
14120
14121
14122
15163
14126
13763
15517
15518
13339
15518
13758
15517
14127
14128
15961
15962
14137
14138
14480
14480
14474
14489
13332
14451
11180
13428
15604
15604
15605
14511
14883
14884
14885
14527
14528
14529
14530
14531
14156
14157
14158
14159
13056
9760
14162
14163
14164
14587
15672
15673
6849
6850
15677
6852
13074
13075
13076
13077
13078
13079
9404
9405
9406
9407
9408
11276
11262
8664
6898
6899
10210
13838
13840
6861
6862
6860
6860
14201
12698
8306
8307
9772
15306
15306
13111
13128
13129
14222
13826
6862
6863
6864
6925
6926
6912
6912
14175
9397
13856
9036
9035
9036
9037
9038
9039
9040
9400
15676
14180
15678
15679
15680
15681
15682
15683
15684
7710
7711
7712
12793
401
402
4065
4066
4067
9901
4419
9149
419
4449
4450
12451
8451
8803
8804
10264
15360
15361
15362
15374
8107
8108
8109
15377
15378
8467
14289
13512
14292
6990
16101
15397
16103
6994
13518
14297
14298
14299
14998
11378
11379
11380
11381
14310
14311
14312
15404
14652
14653
14654
16119
14304
15006
15007
16123
16124
16125
14657
14682
14683
14684
13551
13552
13553
13947
13553
13946
13947
13548
15032
13552
13553
13938
13939
13940
13940
14670
13545
14672
14672
13558
13559
13535
13535
13532
15774
14675
14700
14711
14712
15095
15096
15097
15097
14704
14703
16217
16218
14705
13637
15093
13639
13962
14714
15102
15103
15104
14718
14719
14721
14721
13989
13990
13643
15098
15097
15098
13643
15100
15101
15102
13646
13647
13648
15106
15791
11422
13651
13652
15113
14324
15463
7029
7032
7040
7032
14347
12866
12867
12868
14384
14385
8854
12904
12905
12906
12907
12908
12909
12910
14391
14391
9221
9222
11048
11049
11050
12916
9218
9218
12512
14396
8127
14398
9231
8861
9954
9955
9211
9212
9606
15496
15497
8125
9225
9610
15505
15506
13036
14492
14466
14466
11181
12993
13007
13341
15530
15531
12997
13347
15533
15147
15911
14781
13694
13695
13022
13697
13024
14784
14785
13687
13406
13407
15921
14090
14091
13405
13401
13402
13403
14787
13404
13405
13406
13407
13408
13405
13406
15562
15563
15564
15565
15581
15176
15569
15549
15550
15551
15552
15553
14845
14832
14833
14834
15585
15586
15193
15194
15195
15545
15940
15184
15584
15572
15948
15949
15590
15591
14858
15593
15594
15595
15596
15597
15520
15521
15522
13006
15527
11185
14458
14459
14460
13769
13770
13771
14480
14502
14503
15607
13440
13441
13441
13442
13443
14959
14884
15975
13466
13467
15620
15252
13791
13792
13793
13794
13795
13796
9760
13059
13060
16039
13063
11234
11235
11236
11237
15636
13862
15637
15638
15639
9396
12686
12686
15676
15677
13861
16026
16027
16027
16027
16027
16027
16028
16028
16028
14186
16024
16024
9403
9404
6854
6855
15319
15320
13829
12697
6860
6858
7205
14224
14225
12340
12341
12342
10212
13842
6862
15322
10214
15299
15300
15301
7204
7204
4281
12342
12342
6860
14205
7205
7205
14220
13131
13132
13133
13134
13135
13135
10221
8061
12429
12430
8066
8067
1479
1480
1481
8794
10984
10653
6940
12804
5907
5908
10987
4445
5901
5901
5902
4431
4431
4432
4433
4434
4435
12131
12449
9905
9906
9907
9908
6963
6964
11014
11015
11016
11017
11018
8094
1534
1534
1535
14965
14966
6963
12479
12835
12836
9547
10272
14620
15377
8467
13899
13511
13512
13901
13514
13515
13222
6995
6996
14651
15754
15755
15766
14999
15000
15001
15002
15007
15784
15416
15417
13916
13917
11401
11402
11398
11399
11400
15763
14313
7002
7003
7004
7005
7006
15390
13655
13244
13244
13245
13246
15435
15438
14739
14740
14740
14741
11404
15791
13650
13651
13652
13653
13240
13241
14765
14360
13273
15117
15117
14780
14781
15122
15122
15124
15125
15125
13657
15126
15127
13660
15819
15820
15821
7043
7044
7045
7045
7046
7047
7047
7057
7057
7057
7058
7059
14775
14776
14777
14778
12863
12895
12896
12897
7044
7045
12902
12903
12904
12905
15831
14023
14024
15834
8483
8484
8485
8486
8487
9229
8500
9231
7075
1543
8868
15871
15872
9965
10308
10309
12142
12143
10313
5923
5925
12135
12135
9710
9711
9712
9340
9340
7175
11148
9006
9007
9008
11512
11513
11528
10090
6809
9338
6810
11537
12635
6822
6823
6824
7163
7164
7164
7164
7165
9713
9714
9715
12987
12988
13325
9722
11177
13776
13776
11181
11182
11183
13338
14863
14864
15521
15522
15234
15235
14469
14493
13038
14054
11181
15236
15237
15238
15239
14496
13331
13332
14491
13329
14493
14496
13771
13771
14502
12958
12659
14504
14505
14506
14507
11178
13774
13332
14051
14052
14464
15238
15239
14478
13771
15966
15966
15967
14481
14141
12958
14484
14485
14486
14487
13433
13436
15242
15243
14882
13784
14885
15976
14887
13456
14888
14890
14953
14954
14955
13448
13448
15975
15976
15977
15978
15979
15980
13790
15253
15253
15254
15255
15256
14930
14930
16059
14931
14931
14533
13052
13052
14934
15260
15261
6838
6840
14586
14587
15273
15273
11226
11227
15643
15644
11305
10130
16004
6849
15674
10125
12689
11240
11241
10127
10128
14557
16011
11307
16041
16042
16042
16043
14943
16051
16052
16046
16047
16048
14547
14548
6838
15993
14550
15272
15273
11226
11227
15660
15661
15690
15692
15693
15694
14947
14948
15697
15698
7377
11734
11735
9196
9931
428
3340
3341
11739
11740
13169
11742
8801
8802
8803
13887
8454
8455
6971
14286
6973
6974
9562
8114
8115
8462
8463
8829
8830
14976
6975
6980
6981
6982
6983
6985
14291
15741
13514
13515
13516
7012
7013
7015
7016
15748
15749
15750
15751
6996
14298
13920
13921
13922
13526
15770
15771
14681
14682
13537
13538
13539
13540
13541
13542
13543
16133
14686
14686
14687
13950
13951
13952
13959
13959
15779
15780
15019
15019
13529
14658
14659
15028
15029
14667
14669
14670
14671
14672
16201
16202
16204
16204
16204
16214
16214
16208
13959
13959
13959
16214
16215
16216
16217
14698
14699
13959
13959
13960
13960
13961
13962
13962
13977
13977
13978
13979
15786
15786
15787
13980
15786
15787
15788
15107
13649
13650
13651
15800
15801
15802
15452
15453
15454
15455
13265
15438
15439
15440
15441
15442
15797
11404
15798
15110
13228
13229
13230
13233
13267
13267
15450
15451
14732
15438
15439
15440
15440
13231
11423
11424
14341
14342
14343
14344
14361
14362
14363
12899
12899
12900
14366
7058
14374
14375
14376
14377
14378
12864
14349
14066
15918
15537
14793
14073
13405
13688
13689
13690
14086
14071
13703
14784
15539
13705
13706
13707
13708
13709
13710
13711
15178
15178
15571
13365
14110
14111
14112
14113
14113
15197
15553
13369
13357
13358
15207
15208
13721
13721
13725
13726
13727
13728
15211
15211
13378
13360
13387
13740
13738
13747
13748
14106
13364
15947
13365
15574
15575
15576
15577
13411
14113
15197
14097
15554
13713
14801
15178
15179
15180
15586
15573
15587
15588
15589
15590
15591
14122
14123
13003
13004
13005
14457
14458
15602
15603
14471
11191
15969
15969
12982
12983
15609
13446
14964
14964
14145
14145
14146
14147
15243
15244
15245
15246
13785
14895
15615
13461
13462
14520
13463
14523
13450
13451
13452
15616
13454
13455
13455
13457
13458
13459
13459
13458
13458
14901
13454
14528
13050
15621
15621
14934
14935
14936
15629
14942
14943
15991
16043
16044
6839
6838
6838
16048
16051
16051
14946
14947
14537
14537
14537
15984
14544
14545
15269
14914
15629
15995
15996
15667
15666
14916
14576
14577
14578
14927
15695
15695
14599
14599
13472
13473
14520
14521
14522
13447
15610
15611
14149
13447
13447
13485
13485
1535
1536
1537
10264
9910
6970
6971
13183
12839
8826
12841
8831
8831
8831
6979
9560
15724
8112
8113
13508
9568
13193
13193
13195
13196
13197
13511
13512
13513
13514
13222
14296
14297
14298
13911
14302
14303
14304
14305
15008
15009
15010
14305
14306
15784
15004
15004
13524
13525
13526
13527
13528
13529
15773
15023
14678
14679
13531
13531
15773
15774
15775
13955
16130
14683
14684
13550
16134
13942
13564
13565
13565
13566
13567
13568
13566
16425
16425
16425
16426
16426
13567
13568
13569
13569
13570
13571
16427
16428
16429
16429
16150
16169
13603
13603
13604
13605
16241
16240
16241
16242
16242
13607
13606
13609
16236
16236
16237
16238
13610
13608
13615
15082
13609
16231
16232
16233
16229
13616
16230
16231
16229
13616
13617
13618
13626
13626
14690
13973
13973
13974
13975
13964
13988
13989
13990
13643
13644
13977
13978
13979
15785
13647
14725
13649
13650
14745
13651
13652
14002
13271
15463
14346
7033
7034
7034
14350
14351
14352
14352
14353
14354
14357
14358
7027
11433
11434
11434
11435
9581
9582
12502
12503
12875
7052
7053
13285
13286
7051
7057
7058
8848
8849
14064
15912
15224
15224
15225
15226
15227
15227
15227
13349
13350
13350
15225
15226
15153
15593
14123
14124
12999
12998
12999
13011
13012
13013
13014
13353
13354
13707
13708
14097
14098
15570
15571
14850
14850
15195
14114
15582
15583
15584
14850
15180
14850
14851
14116
14109
14110
14111
14112
15546
14843
13709
13710
13712
13714
13743
13741
13716
13717
13718
14816
14817
13392
13392
13393
13394
13395
13396
13397
13398
15932
14787
13689
13690
13691
15953
15953
15954
15151
15152
15153
15955
15594
13002
13002
15960
14130
15523
14462
14469
14469
14470
13431
13431
13431
14510
15969
14882
14883
14884
14885
15977
15978
13049
13050
15981
14533
14534
14534
14534
13055
13793
13794
14546
14547
16049
14925
14926
14928
14929
15259
14934
14935
14162
9761
14587
14552
6849
14562
15675
9402
13074
14194
11249
11250
11251
6906
15292
15293
15294
15295
15296
15298
15298
6867
15284
15285
15286
15287
15288
15288
15289
14215
14215
14216
9769
13832
13833
13834
13835
13110
13111
13128
13129
13130
13131
6901
6902
6903
6905
15285
15294
10862
10863
10215
10865
14213
15289
13135
13136
6911
6912
16032
4402
4403
8417
6935
4416
7355
7355
7747
7748
7750
3348
3349
3350
3351
3352
2988
2989
2990
6958
6959
4454
1527
1527
1528
10292
11020
1536
1537
1538
10265
13889
13890
13891
13892
9914
8102
8103
8104
8103
8103
8102
8103
10270
10270
8107
8108
8109
13896
13897
8468
8469
8470
8471
13903
11369
13905
15745
11365
8474
7007
14324
14324
13207
16099
16100
16100
16101
16102
16103
16104
7013
16106
16107
16113
16114
16115
15754
15755
15756
13912
11378
15000
15001
15001
15785
13913
13914
11381
15761
14311
11402
11404
11405
11406
11418
11408
15797
15798
15799
15800
13652
13653
13257
13673
13252
13261
13262
15456
14737
14738
14739
14740
11416
11403
14743
14744
14745
14746
15802
14751
14752
14753
14732
14733
13251
14735
13263
13264
13236
13268
13269
11430
11431
11432
14345
14361
11437
14009
12865
9576
9577
9578
14351
9579
9580
9582
9583
7066
7067
8857
8858
13308
8488
8489
9231
9232
9233
13319
11458
11459
9950
9951
15856
14041
9212
9213
9214
8124
9223
9223
9223
9223
9223
9224
9223
9224
9225
9226
9610
9611
11037
11038
14453
14454
15529
12995
13758
13759
13760
15600
14128
14129
14130
14130
11185
11186
11183
14132
13007
13008
13009
12997
13011
14063
13012
13013
13014
14783
15919
14794
15921
15577
13410
14092
14112
14113
15939
14097
14098
14099
14100
14100
15943
13711
14845
14099
14833
14835
14835
13399
13400
13401
15577
14093
14094
14095
14096
14097
14097
14098
14099
15179
15586
14836
14837
14838
14839
15562
15563
14094
14095
14096
15184
14098
14116
14108
14109
15948
15949
15950
15951
14121
14122
14123
14124
14125
14126
14127
13760
14862
14457
14458
14865
14866
13780
13781
15969
15970
15971
14873
14959
15974
15974
13450
13451
14894
14896
13453
15978
13467
14909
14910
13053
13054
13794
13795
16047
16048
14548
14549
6842
14550
14551
15273
15274
14562
11238
14173
14174
14175
9396
9395
10126
10127
10128
10129
10130
10130
13063
13064
13065
15660
15661
16012
11231
15647
9031
9032
9033
15650
14591
14592
16012
16035
16036
16037
14941
15997
15998
15999
6846
6847
6848
14561
14562
16020
9401
9402
13862
13863
13864
13865
13866
13867
13868
12688
9395
9395
16009
16010
14593
14593
14594
14595
14596
9149
12448
14599
7376
14600
9936
9938
10259
6960
6960
9157
9203
13888
14969
6970
9912
12839
13185
9559
8465
8466
12859
13192
8114
11349
9564
13503
9565
6980
14980
16087
16088
16089
6984
6985
13214
12493
6986
6987
13202
12497
12498
13210
15733
13202
13203
6989
14293
13903
15384
15386
15386
15386
14648
14647
14648
14649
14650
14651
15406
14300
15408
13913
13914
11381
13916
13917
13918
14317
11402
15407
14301
14302
14655
14655
14656
16126
16127
13531
13532
13533
13534
13532
14676
14676
14677
14677
15008
15008
15008
15008
14718
14723
14724
14725
14725
13998
11411
11421
11421
11403
11419
11420
11422
11423
11424
11425
11425
14753
15453
11428
11428
11429
13256
13655
13679
14356
14358
15128
13657
13658
13659
13660
12498
14360
14361
14362
7043
14364
14365
14366
14367
7047
7048
8115
8116
8117
14390
14391
14392
8483
15841
15498
8483
8484
15498
9223
14026
15838
8484
8125
9609
9609
9227
9229
8500
8500
12526
8862
8863
9951
15492
1540
9955
9958
1541
8501
8502
15486
15487
8505
8510
8510
1556
9596
1557
1558
1559
11066
11067
12157
11078
8988
7145
9716
9717
9718
7153
12977
12978
12979
7157
12960
12962
12960
12978
12979
12978
7155
12657
11195
12659
12957
12958
12958
12959
14504
14505
11177
14450
14451
15512
15529
13010
14063
14064
14065
15150
15149
15149
14066
13693
14782
15537
15538
14794
15540
13409
15937
14841
14842
13708
15548
15570
14803
15947
14836
13401
15561
14092
14093
15922
15923
14095
15546
14114
15176
13710
13711
13711
15178
14803
14835
15587
15588
15589
15590
15222
15223
15224
15228
15160
15161
14859
14860
14129
13767
13768
13769
14471
13771
14498
14500
14141
15243
15607
15608
14873
14150
14524
14525
14526
14527
14528
14529
14530
14531
14532
14533
14932
14545
15268
14547
14548
16050
14917
14918
6841
14585
14585
14938
14939
15667
15668
15669
9029
9030
9031
9032
6848
14561
12683
10125
10126
10127
11229
15661
15662
11231
9031
9031
9032
9033
16005
9399
9400
9401
9401
9402
14193
14182
14182
14183
14188
14189
14173
15329
15329
15330
14570
15663
15664
15665
6843
6844
14941
14572
14573
11310
14576
14578
14579
15626
15627
14548
14925
14925
14578
14927
14927
14928
14537
14537
14538
14539
4425
6652
4426
4428
439
5899
4433
4434
5901
5902
5903
4442
439
10999
8799
12811
8087
8088
14266
9909
13889
13890
9548
9549
10273
10274
8112
15725
15726
9570
9571
9572
9573
9575
9576
6986
6987
6988
6989
15393
15395
15396
15397
7011
7012
7013
7014
15402
15402
11394
11394
15402
15402
15403
15404
15405
14652
13921
13922
13923
13923
13924
13926
15013
13528
13528
15771
15772
13530
13535
13536
13537
14666
14667
15031
15032
13563
13565
15051
15051
16429
15054
16150
16150
16149
16150
13581
13581
16143
16144
16145
16165
16165
16165
16165
16150
16150
16165
16164
16164
16165
16166
16167
16150
16150
16150
16150
16150
16150
16150
16176
16177
16178
16179
16180
16181
16182
16171
16172
16173
16174
16175
16176
16172
16174
15066
15075
13617
13618
13620
13628
16224
16222
16223
13623
13624
13625
13626
13627
13628
13629
13633
13633
13634
14692
13635
14692
14696
16217
16218
16203
16204
14691
14692
14695
14695
14696
13969
13970
16209
16207
13630
16192
16193
16193
13621
13622
15079
15080
15081
15083
15084
15079
15079
13612
16230
15069
15071
15072
15072
15062
15063
16252
16253
16253
16254
16251
16242
16255
16256
16256
16242
16242
16242
16243
16248
16249
16250
16250
16250
16250
16256
16329
16329
16329
16329
16329
16272
16274
16274
16325
16315
16267
16315
16315
16315
16315
16315
16316
16316
16293
16292
16293
16288
16289
16290
16291
16292
16283
16284
16285
16286
16281
16282
16281
16281
16282
16285
16285
16304
16305
16306
16297
16298
16299
16300
16301
16298
16286
16286
16290
16290
16320
16318
16319
16277
16278
16278
16278
16278
16315
16313
16314
16269
16269
16270
16269
16269
16268
16268
16268
16326
16327
16328
16339
16340
16341
16425
16425
16425
16425
16336
16358
16359
16359
16361
16362
16362
16363
16363
16363
16362
16420
16421
16421
16422
16423
16345
16345
16344
16345
16345
16346
16349
16348
16349
16410
16410
16410
16411
16414
16399
16400
16401
16402
16412
16412
16412
16412
16412
16389
16389
16389
16388
16389
16390
16391
16392
16393
16394
16395
16396
16387
16388
16389
16390
16414
16371
16372
16371
16372
16371
16372
16371
16374
16417
16401
16402
16403
16375
16368
16368
16376
16370
16370
16371
16371
16402
16404
16352
16353
16354
16355
16356
16356
15041
15043
15051
15052
15053
